4
0 -1 2664 -1 2318 -1 -1 -1 7668 7443 8767 2584 9094 -1 -1 -1
9245 0 2104 4851 -1 6498 -1 -1 -1 2212 4169 5273 4273 -1 -1 5015
-1 -1 0 5108 4019 2826 -1 -1 2074 1697 -1 -1 5206 9939 -1 5704
1417 -1 -1 0 7093 -1 -1 4492 5230 -1 1834 3934 6546 -1 -1 -1
-1 3757 -1 -1 0 5065 3587 -1 1367 5314 -1 -1 -1 7104 7502 -1
7174 -1 -1 1433 -1 0 2055 -1 6403 -1 -1 8511 -1 4189 -1 -1
7530 5631 5089 6528 -1 -1 0 -1 8896 2940 -1 -1 -1 -1 6145 3341
5632 2624 7642 -1 8738 6718 1364 0 8179 7750 -1 -1 -1 -1 2143 -1
-1 8136 -1 -1 -1 -1 -1 -1 0 -1 6304 8694 -1 3840 -1 -1
-1 -1 -1 1800 -1 2696 -1 -1 4754 0 3807 -1 9253 6483 4444 -1
-1 -1 7501 -1 8238 5192 1202 8455 -1 -1 0 -1 2563 4234 1309 -1
-1 -1 7648 -1 7325 -1 1656 5328 -1 6929 5447 0 -1 -1 -1 3354
-1 -1 -1 -1 6530 3661 7473 9164 5457 -1 -1 5284 0 2062 -1 3900
8725 2446 -1 4347 -1 -1 1241 9952 -1 -1 -1 6861 -1 0 6076 -1
2038 4059 3452 5577 -1 2828 -1 -1 5745 -1 -1 8441 7839 -1 0 1781
7444 -1 -1 4874 3502 5346 -1 1305 4780 9566 8553 -1 -1 8727 -1 0
