4
0 -1 212420 -1 -1 982292 -1 -1 -1 614790 480442 454556 227752 -1 398043 70732
617799 0 -1 665323 854302 520284 -1 -1 121247 -1 75044 609829 -1 260699 -1 545350
-1 152747 0 846960 -1 398764 -1 -1 -1 -1 -1 994156 -1 -1 -1 334051
531399 -1 -1 0 219277 -1 -1 -1 165816 -1 101614 622641 998347 163464 740468 -1
683278 -1 501897 -1 0 -1 782668 54077 -1 -1 -1 914611 -1 648312 667048 978847
-1 -1 -1 257350 62564 0 -1 514052 63303 441295 -1 -1 457426 230739 -1 6634
883000 877408 680085 169120 -1 43913 0 -1 -1 828854 -1 -1 997185 -1 947531 -1
280956 900378 288215 495781 -1 -1 701143 0 378662 439452 -1 -1 -1 -1 -1 753265
778255 -1 153729 -1 7512 -1 278643 -1 0 -1 -1 126778 -1 872833 133619 867495
-1 589814 697016 165037 722848 -1 -1 -1 823437 0 -1 -1 276718 644506 -1 164344
-1 -1 799159 -1 604955 870288 723858 94334 384320 824236 0 458544 -1 -1 -1 -1
-1 -1 -1 -1 -1 768143 29834 714929 -1 617225 -1 0 -1 7595 -1 -1
-1 662142 97820 -1 986331 -1 -1 346518 432565 -1 836927 532580 0 632629 473430 679615
923937 -1 961550 -1 -1 -1 820678 5767 -1 -1 294225 -1 -1 0 969209 -1
-1 406903 402194 -1 -1 186668 -1 891056 -1 686564 161653 580635 -1 -1 0 -1
-1 -1 -1 28065 -1 -1 575061 -1 -1 -1 111189 183139 -1 914563 794996 0
