4
0 -1 506896 479946 -1 153959 649493 883856 759396 839587 501676 846140 853772 388816 -1 354610
374209 0 -1 -1 -1 525084 -1 -1 328361 115941 -1 640426 400073 -1 313322 901294
-1 100403 0 285515 199036 -1 -1 -1 407550 580934 533661 339010 40967 473555 -1 80393
-1 436995 -1 0 -1 376726 718977 -1 265992 888649 792271 835385 881663 83592 -1 666539
665338 579993 -1 470859 0 -1 -1 -1 -1 -1 -1 945184 -1 -1 554486 -1
-1 -1 159382 -1 490760 0 516973 -1 349653 -1 171827 -1 -1 849917 531362 630240
-1 484168 730858 -1 346813 -1 0 795135 -1 523463 -1 -1 724368 -1 161355 444028
-1 411886 386200 979631 305078 501687 -1 0 -1 -1 585815 -1 185048 -1 702665 -1
-1 -1 -1 -1 766999 -1 716049 369678 0 -1 -1 -1 -1 -1 -1 -1
-1 -1 -1 -1 868182 44194 -1 515980 867799 0 -1 -1 715705 718493 316422 -1
-1 532944 -1 -1 784229 -1 843931 -1 757535 747445 0 -1 719926 -1 -1 156663
-1 -1 -1 -1 -1 625292 802317 559443 898712 429360 163073 0 118812 -1 -1 -1
-1 -1 -1 -1 81253 75691 -1 -1 770377 -1 -1 -1 0 760563 980595 35550
-1 678687 -1 -1 49503 -1 73447 888773 861473 -1 823499 885187 -1 0 -1 80033
732460 -1 886059 259922 -1 -1 -1 -1 520204 -1 849645 555081 -1 648698 0 -1
-1 -1 -1 -1 167357 -1 -1 972048 346816 876349 -1 950308 -1 -1 805047 0
