4
0 100 135 -1 -1 -1 121 -1 178 -1 -1 -1 -1 -1 -1 -1
-1 0 194 -1 123 -1 140 -1 163 -1 -1 196 -1 173 -1 172
-1 -1 0 186 -1 195 149 -1 -1 132 -1 142 -1 162 -1 -1
128 195 -1 0 -1 -1 -1 -1 104 170 170 117 -1 -1 -1 154
106 -1 160 117 0 -1 -1 -1 200 -1 152 140 -1 -1 -1 -1
126 186 -1 115 130 0 -1 -1 -1 160 -1 186 -1 175 155 178
-1 -1 -1 142 167 110 0 109 -1 165 -1 -1 197 125 175 166
108 154 131 195 171 150 -1 0 -1 -1 168 187 190 129 116 -1
-1 -1 117 -1 -1 190 136 128 0 -1 -1 -1 179 123 190 128
124 192 -1 -1 166 -1 -1 104 141 0 -1 200 145 100 159 -1
175 117 125 -1 -1 167 182 -1 101 197 0 127 148 181 143 181
133 -1 -1 -1 -1 -1 161 -1 118 -1 -1 0 106 -1 143 177
133 106 119 122 160 151 -1 -1 -1 -1 -1 -1 0 190 178 183
118 -1 -1 164 178 -1 -1 -1 -1 -1 -1 130 -1 0 182 -1
104 179 119 109 147 -1 -1 -1 -1 -1 -1 -1 -1 -1 0 176
105 -1 128 -1 144 -1 -1 146 -1 132 -1 -1 -1 140 -1 0
