4
0 6951 -1 -1 2405 -1 6654 7738 -1 7503 3815 1953 -1 8416 5298 -1
-1 0 9789 4921 -1 -1 9122 -1 5767 -1 2898 8147 7839 2031 3617 -1
8749 -1 0 -1 3513 6506 6807 -1 -1 -1 3756 5863 1437 8554 -1 -1
6049 -1 9714 0 -1 9604 8392 8986 8708 1908 -1 7159 -1 6374 -1 -1
-1 5306 -1 9851 0 -1 7619 8470 7688 -1 -1 -1 6266 -1 3614 9443
3487 3448 -1 -1 6033 0 -1 -1 -1 -1 6057 1704 -1 1279 -1 -1
-1 -1 -1 -1 -1 4804 0 7627 -1 -1 7168 2472 -1 -1 1300 -1
-1 2263 3044 -1 -1 9596 -1 0 7921 -1 2576 -1 -1 9007 -1 2337
2953 -1 1539 -1 -1 8201 6987 -1 0 -1 3159 -1 5344 -1 -1 -1
-1 3748 5282 -1 1794 7340 8503 3399 9957 0 5708 1721 1603 -1 4673 -1
-1 -1 -1 3695 7072 -1 -1 -1 -1 -1 0 7198 5757 9400 9352 6641
-1 -1 -1 -1 1368 -1 -1 1050 3933 -1 -1 0 7784 -1 1148 3541
4370 -1 -1 9528 -1 6667 1431 4790 -1 -1 -1 -1 0 -1 1790 4328
-1 -1 -1 -1 6839 -1 9188 -1 1428 9338 -1 2066 3068 0 -1 2166
-1 -1 8592 6229 -1 3345 -1 9313 3905 -1 -1 -1 -1 4907 0 -1
8828 8814 5514 1223 -1 3619 2253 -1 9864 9488 -1 -1 -1 -1 1554 0
