4
0 653060 686963 616015 930101 769687 948024 866440 -1 668826 -1 -1 777793 -1 579891 872332
-1 0 -1 951196 -1 -1 -1 744812 -1 -1 -1 591789 -1 -1 688737 -1
-1 875878 0 -1 -1 963706 -1 517230 -1 -1 912050 -1 -1 -1 833822 641397
-1 -1 738176 0 693238 841075 -1 -1 -1 522040 828715 -1 708461 990506 -1 513633
-1 767077 788599 -1 0 -1 -1 674296 858181 834238 -1 568023 -1 792682 910813 826888
-1 994590 -1 -1 837341 0 -1 -1 533723 719955 -1 660132 -1 907362 570823 -1
-1 675023 645538 807113 960832 906737 0 -1 860070 -1 -1 686031 862288 -1 -1 661754
-1 -1 -1 762739 -1 816135 545993 0 -1 -1 578421 -1 -1 -1 -1 896348
836728 883024 790953 932174 -1 -1 -1 916826 0 -1 -1 -1 981282 988893 508636 -1
-1 710741 593396 -1 -1 -1 697489 603175 852499 0 -1 -1 -1 580468 866563 -1
524191 721934 -1 -1 516017 662369 707637 -1 535378 549228 0 836504 -1 -1 529358 -1
989604 -1 643525 657113 -1 -1 -1 968096 905123 888360 -1 0 547061 911269 579412 -1
-1 721047 778593 -1 768984 726685 -1 963472 -1 534186 512959 -1 0 -1 -1 -1
784554 699922 501557 -1 -1 -1 713386 972203 -1 -1 953908 -1 717890 0 697353 -1
-1 -1 -1 840749 -1 -1 635848 841889 -1 -1 -1 -1 608588 -1 0 736166
-1 510619 -1 -1 -1 557347 -1 -1 544415 515213 571463 508973 793112 867112 -1 0
