4
0 -1 -1 873694 955761 -1 989277 -1 680078 839127 923454 604987 -1 633709 511129 789098
689375 0 679301 984306 -1 -1 -1 522295 -1 -1 -1 834383 -1 722599 898441 581113
973695 -1 0 -1 819062 -1 820833 -1 875137 -1 672958 791392 -1 -1 -1 -1
-1 -1 694503 0 -1 507989 668858 840026 -1 968463 620845 813629 618255 -1 509275 966058
-1 912028 -1 965965 0 874222 -1 834853 846273 570594 -1 -1 -1 951357 908151 719604
765807 505642 821112 -1 -1 0 631458 -1 613862 984432 -1 896249 -1 918602 -1 866457
-1 659760 -1 -1 660184 -1 0 -1 896028 -1 -1 -1 -1 985896 760488 -1
614248 -1 876946 -1 -1 568073 925482 0 914870 -1 843017 -1 -1 640723 693809 815618
-1 656558 -1 901986 -1 -1 -1 -1 0 -1 644558 662982 -1 877811 670156 527209
-1 887239 916621 -1 -1 -1 964653 535121 962236 0 787712 -1 -1 -1 -1 -1
-1 885391 -1 -1 604808 912850 984225 -1 -1 -1 0 -1 -1 904059 715078 875331
-1 -1 -1 -1 876807 -1 659152 515897 -1 782935 773989 0 538037 -1 -1 531340
683692 704553 678682 -1 728381 768565 586757 745721 738972 970380 606580 -1 0 881096 -1 940378
-1 -1 702298 978612 -1 -1 -1 -1 -1 731666 -1 653249 -1 0 -1 761978
-1 -1 921615 -1 -1 876818 -1 -1 -1 706982 -1 805677 858484 712968 0 -1
-1 -1 575898 -1 -1 -1 672118 -1 -1 810920 -1 -1 -1 -1 863965 0
