4
0 126 191 136 -1 194 112 155 152 197 142 146 166 110 110 149
-1 0 181 -1 170 111 -1 107 185 122 118 106 -1 105 132 186
-1 -1 0 103 194 128 187 -1 -1 -1 152 -1 -1 -1 -1 146
-1 165 -1 0 110 -1 -1 -1 152 -1 105 -1 128 -1 115 183
173 -1 -1 -1 0 -1 124 101 -1 127 -1 196 -1 -1 -1 -1
-1 -1 -1 188 149 0 179 -1 141 101 185 -1 -1 -1 -1 -1
-1 168 -1 175 -1 -1 0 181 192 162 -1 129 114 -1 113 -1
-1 -1 165 116 -1 115 -1 0 147 -1 180 -1 -1 152 146 152
-1 -1 130 -1 109 -1 -1 -1 0 190 -1 -1 143 -1 -1 -1
-1 -1 144 191 -1 -1 -1 134 -1 0 130 126 155 147 127 111
-1 -1 -1 -1 158 -1 119 -1 109 -1 0 -1 -1 -1 194 -1
-1 -1 157 176 -1 186 -1 108 154 -1 105 0 116 -1 179 168
-1 177 177 -1 138 132 -1 123 -1 -1 133 -1 0 -1 -1 -1
-1 -1 198 115 140 124 155 -1 140 -1 158 120 189 0 -1 106
-1 -1 184 -1 127 157 -1 -1 165 -1 -1 -1 158 200 0 -1
-1 -1 -1 -1 169 119 198 -1 175 -1 117 -1 196 -1 187 0
