4
0 10 18 -1 -1 -1 -1 12 14 -1 -1 10 18 17 -1 -1
-1 0 11 14 -1 -1 -1 -1 10 -1 -1 17 20 18 20 -1
-1 -1 0 -1 13 -1 -1 17 16 -1 -1 16 14 15 -1 20
11 -1 13 0 16 11 -1 19 -1 19 20 -1 10 -1 -1 19
12 11 -1 -1 0 -1 -1 -1 -1 -1 -1 -1 -1 11 -1 -1
18 19 15 -1 14 0 -1 13 19 -1 14 -1 16 -1 -1 -1
13 17 10 17 17 13 0 17 -1 -1 -1 14 13 19 15 -1
-1 20 -1 -1 14 -1 -1 0 10 -1 -1 18 17 12 -1 17
-1 -1 -1 14 16 -1 12 -1 0 17 14 17 14 15 10 17
15 19 10 -1 16 10 14 18 -1 0 16 -1 13 -1 11 -1
17 20 16 -1 19 -1 17 18 -1 -1 0 11 14 14 19 -1
-1 -1 -1 18 12 16 -1 -1 -1 14 -1 0 13 -1 -1 11
-1 -1 -1 -1 11 -1 -1 -1 -1 -1 -1 -1 0 -1 11 -1
-1 -1 -1 14 -1 17 -1 -1 -1 14 -1 13 14 0 -1 -1
16 -1 20 11 18 12 -1 19 -1 -1 -1 15 -1 18 0 10
11 11 -1 -1 19 13 12 -1 -1 14 11 -1 11 17 -1 0
