4
0 -1 2153 3356 -1 -1 7183 1030 6268 1280 9578 -1 -1 -1 -1 2741
3974 0 -1 3035 3877 5221 -1 -1 5637 6182 -1 -1 8672 -1 6561 -1
-1 4220 0 5718 -1 -1 -1 -1 -1 -1 -1 -1 -1 6636 -1 1024
-1 -1 -1 0 7617 -1 1477 6560 2649 -1 -1 -1 -1 -1 2673 9218
3901 -1 9912 -1 0 6653 -1 -1 9399 -1 -1 1771 -1 -1 3870 -1
9736 -1 3225 7837 -1 0 8257 -1 6320 -1 2163 3109 -1 8353 -1 8847
-1 2069 2233 -1 5565 -1 0 1959 2492 -1 -1 4395 -1 9125 3894 7705
-1 5245 9469 -1 1744 7851 -1 0 -1 1342 -1 -1 -1 6783 -1 9258
-1 -1 5213 -1 -1 -1 -1 4419 0 -1 7730 -1 8823 6656 -1 -1
-1 -1 4647 4585 3864 2344 1837 -1 4716 0 9824 1245 -1 -1 4362 5390
-1 2928 6638 8783 2156 -1 3052 6083 -1 -1 0 -1 8499 -1 -1 -1
6614 3150 3601 3708 -1 -1 -1 8788 9493 -1 7632 0 -1 -1 -1 7435
9346 -1 5946 2025 7282 1774 5669 6022 -1 8393 -1 7472 0 7562 7236 -1
1706 6138 -1 1449 5587 -1 -1 -1 -1 6544 5425 7498 -1 0 -1 3207
1511 -1 8229 -1 -1 3470 -1 2286 7927 -1 2970 2167 -1 1585 0 9618
-1 2375 -1 -1 6384 -1 -1 -1 4555 -1 2683 -1 2199 -1 -1 0
