4
0 186 -1 177 -1 181 -1 -1 -1 143 -1 192 -1 -1 191 167
-1 0 118 168 -1 -1 -1 138 184 166 172 172 -1 -1 -1 -1
178 -1 0 193 -1 -1 -1 -1 -1 -1 -1 -1 153 118 -1 -1
-1 -1 -1 0 163 104 -1 165 145 200 134 -1 -1 -1 -1 108
165 130 144 -1 0 -1 177 103 -1 -1 104 125 105 -1 -1 -1
-1 171 106 -1 148 0 144 -1 -1 172 158 140 -1 -1 -1 188
141 120 164 115 -1 -1 0 170 151 116 -1 -1 126 -1 149 128
167 -1 155 -1 -1 187 -1 0 178 -1 147 170 -1 -1 140 160
108 -1 104 -1 126 180 -1 -1 0 -1 -1 148 105 179 -1 -1
-1 -1 187 -1 104 -1 -1 129 115 0 139 -1 -1 159 182 -1
186 -1 123 -1 -1 -1 164 -1 141 -1 0 -1 158 -1 -1 129
-1 -1 126 165 -1 -1 157 -1 -1 132 135 0 115 186 -1 -1
105 120 -1 104 -1 109 -1 123 -1 156 -1 -1 0 -1 194 166
200 141 -1 159 177 170 126 193 -1 -1 162 -1 162 0 155 -1
-1 164 163 149 168 121 -1 -1 115 -1 167 106 -1 -1 0 -1
-1 179 153 -1 144 -1 -1 -1 180 191 -1 123 -1 133 186 0
