4
0 83942 -1 -1 986021 109724 -1 464637 -1 -1 156571 775277 -1 -1 -1 -1
-1 0 707065 -1 509778 -1 -1 84161 429477 -1 698195 738008 251074 -1 111331 -1
203580 -1 0 -1 76597 63143 -1 -1 536837 -1 66079 -1 -1 694180 166467 490864
911861 719544 992864 0 50549 -1 -1 -1 752133 -1 802058 710618 902946 -1 991360 -1
-1 -1 -1 -1 0 439249 -1 442058 -1 -1 10645 807200 -1 -1 -1 -1
-1 375824 -1 628303 -1 0 -1 -1 -1 48750 -1 760155 482768 877466 419659 -1
270068 413726 76752 929638 54111 849577 0 51903 -1 965176 -1 -1 820947 -1 -1 355138
-1 -1 299551 912807 -1 446490 -1 0 -1 969126 -1 -1 -1 908844 604963 852554
81359 -1 -1 -1 333143 599454 290688 516229 0 -1 -1 311648 907638 545723 -1 997433
659743 47531 934706 2565 365689 -1 -1 -1 780496 0 687857 -1 -1 -1 502731 -1
-1 -1 -1 -1 -1 783963 989024 445785 410001 -1 0 947583 59413 402798 757236 -1
-1 -1 110042 -1 -1 -1 484629 671826 -1 609986 -1 0 146360 65147 -1 -1
19935 -1 880128 -1 218075 -1 -1 225103 -1 316863 -1 -1 0 484112 972183 -1
540330 932858 -1 756683 567656 -1 713625 -1 -1 146046 -1 -1 -1 0 -1 256843
238273 -1 -1 -1 55146 -1 190341 -1 556303 -1 -1 979183 -1 695336 0 757373
73986 527300 -1 906389 111022 144639 -1 -1 -1 929794 488026 29972 363026 -1 -1 0
