4
0 -1 -1 -1 13 -1 -1 -1 -1 -1 15 -1 -1 -1 -1 -1
15 0 -1 14 15 -1 -1 20 -1 19 14 -1 14 -1 -1 20
16 11 0 10 20 13 10 -1 -1 12 11 -1 19 -1 18 16
13 -1 -1 0 13 16 11 11 18 13 -1 16 -1 -1 17 -1
-1 -1 -1 -1 0 -1 -1 19 14 12 -1 -1 -1 12 -1 17
20 16 -1 -1 19 0 14 -1 20 13 -1 -1 -1 -1 -1 10
14 11 -1 -1 16 -1 0 -1 20 18 10 10 -1 -1 -1 11
10 -1 10 -1 -1 13 18 0 11 13 10 13 -1 -1 -1 17
20 16 17 -1 -1 -1 -1 -1 0 -1 -1 -1 -1 -1 -1 12
12 -1 -1 -1 -1 -1 -1 -1 18 0 -1 -1 -1 -1 -1 11
-1 -1 -1 13 15 18 -1 -1 15 19 0 -1 14 -1 10 10
17 16 14 -1 18 11 -1 -1 20 14 14 0 16 -1 -1 -1
15 -1 -1 13 17 12 12 13 17 16 -1 -1 0 10 13 -1
20 15 11 19 -1 13 13 20 20 11 10 17 -1 0 -1 10
14 17 -1 -1 17 11 13 18 16 16 -1 10 -1 13 0 14
13 -1 -1 13 -1 -1 -1 -1 -1 -1 -1 16 17 -1 -1 0
