4
0 10 13 -1 12 -1 10 10 19 14 14 11 10 14 -1 -1
-1 0 13 -1 18 18 -1 10 -1 16 14 -1 16 -1 12 -1
-1 -1 0 -1 13 14 -1 -1 -1 18 17 12 12 -1 11 -1
17 17 13 0 -1 -1 -1 -1 -1 11 -1 -1 19 -1 -1 11
-1 -1 -1 10 0 -1 15 -1 10 -1 18 -1 -1 -1 15 19
14 -1 -1 10 12 0 14 -1 -1 15 10 19 -1 20 18 16
-1 12 11 10 -1 -1 0 14 17 19 13 -1 12 11 -1 14
-1 -1 13 10 16 17 -1 0 11 13 -1 14 -1 14 -1 18
-1 18 11 14 -1 11 -1 -1 0 -1 19 -1 -1 -1 16 -1
-1 -1 -1 -1 13 -1 -1 -1 17 0 -1 17 -1 17 -1 20
-1 -1 -1 18 -1 -1 -1 10 -1 18 0 -1 -1 10 -1 13
-1 19 -1 16 16 -1 10 -1 15 -1 14 0 -1 11 -1 -1
-1 -1 -1 -1 11 16 -1 16 14 15 16 13 0 20 12 15
-1 10 16 19 17 -1 -1 -1 14 -1 -1 -1 -1 0 -1 -1
18 -1 -1 19 -1 -1 17 10 -1 13 18 18 -1 20 0 17
12 20 17 -1 -1 -1 -1 -1 20 -1 -1 17 -1 16 -1 0
