4
0 596485 993785 517629 570227 912571 571769 646342 787400 992440 677786 748174 542348 559421 757922 721365
-1 0 -1 -1 526593 925253 -1 679981 -1 -1 826867 -1 642574 -1 -1 -1
-1 807559 0 -1 607345 956615 -1 -1 -1 -1 -1 828390 728820 -1 668128 -1
-1 655788 967946 0 -1 657465 670016 -1 -1 790842 -1 -1 -1 583040 -1 -1
-1 -1 -1 755813 0 -1 589631 -1 -1 804078 704667 997696 659826 -1 -1 -1
-1 -1 -1 -1 986311 0 -1 646285 866979 -1 -1 -1 -1 702748 723846 674782
-1 556559 828205 -1 -1 541708 0 -1 -1 608323 -1 533333 999792 821692 623948 530593
-1 -1 605160 579438 711153 -1 633872 0 863397 572324 904345 554018 796833 632561 -1 903145
-1 611927 695394 528444 968811 -1 740330 -1 0 657166 932080 -1 -1 -1 -1 618481
-1 811896 573563 -1 -1 998140 -1 -1 -1 0 589409 -1 -1 928152 556415 -1
-1 -1 994820 968462 -1 977196 936539 -1 -1 -1 0 509600 -1 584514 -1 -1
-1 987961 -1 602991 -1 675453 -1 -1 953148 964155 -1 0 552821 722568 -1 -1
-1 -1 -1 921408 -1 709651 -1 -1 897663 677721 989111 -1 0 -1 -1 -1
-1 516791 569169 -1 666730 -1 -1 -1 603505 -1 -1 -1 511197 0 -1 960650
-1 646448 -1 957332 946787 -1 -1 999977 534113 -1 547801 819785 538378 758016 0 -1
-1 592143 569948 673491 727480 -1 -1 -1 -1 684669 765527 617895 948236 -1 818977 0
