8166 8166
7727 3899
8152 2904
1966 5330
5930 6736
5362 3989
7689 3732
6650 5891
5759 6266
4095 7400
6254 3680
408 5075
3044 4124
402 6177
8014 7123
7167 8034
1789 6279
3737 3869
2389 2377
3191 4152
3583 190
7280 5118
6259 7830
6048 5214
2954 139
1019 7343
6553 3936
997 6022
1099 6035
478 6425
767 4480
3376 229
5148 1739
762 6374
4814 1631
6039 5304
7254 7239
5421 7776
5694 3214
7854 1829
2809 1552
4914 4672
4557 8144
7255 6805
1678 4536
2848 1833
6542 442
1303 2388
2859 4061
3769 4140
5780 5488
763 4268
4751 7595
252 124
3834 1166
7658 3082
2208 893
4920 7960
5180 310
6217 1460
1809 7686
4325 3255
6 4207
6955 4534
2500 573
4845 1866
3448 7188
3386 1324
6343 6384
1111 193
4830 2494
1385 3450
7481 6698
4504 1757
367 1399
7443 731
4176 6948
8036 6250
4256 1486
4500 6694
698 2279
6310 5082
3874 2222
3259 1114
5677 4338
2144 7483
2708 4021
6622 589
3170 805
2748 6115
1396 1231
557 7168
3857 1429
1960 5331
8011 3198
1836 6845
479 8125
7325 5651
5364 3542
1074 6268
320 3576
1410 8114
2945 1545
3719 3161
6545 3194
7747 14
634 1269
2098 2600
1040 5204
564 5484
6523 3011
2407 5322
2910 1867
3245 174
1022 6950
142 3681
5994 5601
2892 7235
5298 3690
6146 5903
6489 6482
4239 3820
858 5264
2660 7622
6284 2300
82 5938
8073 1436
7688 652
5529 5311
2427 5569
477 1784
462 8062
7515 4177
3470 1504
1366 378
6678 2621
3485 5047
944 5902
5276 4439
7645 241
8162 2128
4937 462
4716 929
2133 5964
2468 4572
7326 6762
7287 7857
2781 5249
963 519
7234 2122
3254 5077
7907 1189
7354 5596
1876 1139
3075 3832
7594 304
3010 6933
1428 4505
5443 2956
7166 7255
514 1312
2025 5832
3195 6174
5316 1509
6323 1809
7389 5148
4334 5635
7458 1600
7426 3331
5108 5905
3912 1476
1848 6670
6879 3392
1119 2403
2074 7146
5965 1880
7924 2378
66 3783
1308 3706
2070 2235
853 7903
665 7695
1547 3008
6170 2697
1451 4491
7283 5194
3691 5213
2724 4912
1367 4141
2508 2577
2894 3991
1640 846
5178 495
7258 6574
6917 6091
735 4111
6451 4566
7210 3526
916 5754
7241 5914
1036 6148
1382 5877
5500 8153
1464 4751
2462 3200
5354 1567
3068 5470
3257 7100
6327 75
7111 3587
1977 6999
6461 253
1945 2953
1312 2158
1930 1368
4352 3033
5336 6615
2844 1194
5118 7120
4798 2929
2736 6458
7176 7139
5116 7870
3322 2584
4628 7896
4390 2780
2621 4374
7019 1759
5428 5225
2584 2788
371 4355
2439 3271
3432 5435
1783 6281
476 1360
4738 6559
7579 4838
585 3030
5563 4803
5887 6101
1203 3921
1778 3237
3998 4113
4081 4632
1079 872
4644 7160
7452 493
1269 4058
6240 6911
4976 6045
5387 88
5637 4686
2431 2513
5947 747
5538 3210
4782 3980
4467 4633
4926 7712
7544 5384
7663 3508
228 4384
4062 7504
3831 1421
755 3095
4780 2097
1675 971
2251 6474
4887 2676
3798 1529
5278 3534
1688 2672
5880 3945
8118 7938
2971 6151
3467 2211
3145 2856
6742 7440
1242 7682
1749 4241
6912 1068
6801 3827
3973 6128
3109 6952
1669 1096
7607 804
1645 315
5081 6341
4533 3085
5088 4182
1795 1206
2745 1658
6550 1062
1176 4896
1328 4181
2834 2151
2333 501
2981 2995
1445 8077
6718 1032
1360 5597
1056 5126
3202 4199
3610 5460
6314 5221
1010 3372
8038 4200
5523 3063
5684 6188
3528 4054
1 3426
505 1591
5186 5956
3239 2124
1101 3250
3437 7478
1016 6066
6517 2195
5681 1057
349 3477
5932 6464
890 3902
5830 111
7709 6340
6852 4448
4320 4637
3424 1011
1771 2456
3675 2860
2245 3348
7936 2040
7029 5503
6594 6391
129 2790
3536 2349
7482 5885
5196 1743
3555 6000
1346 1313
3173 84
2503 6252
7603 1044
6356 4047
4817 2731
7381 6738
1427 3677
2326 2330
212 6004
3120 6336
3048 2537
2634 923
7140 2871
1886 7350
5470 433
1182 7774
5216 6370
5372 6298
7246 6224
7028 4684
2944 5030
832 6621
2744 1974
7921 6828
863 1598
6930 5952
6337 5813
4958 5164
2816 5711
6216 5185
7186 3746
5495 2094
4263 4420
4285 231
4349 4622
701 3316
4265 5181
5581 8156
6747 7179
1071 5395
3062 6986
5378 13
5898 5302
3153 6031
7971 7442
6521 4983
2709 6583
8127 3666
5176 7818
3650 7726
7763 1749
2912 3843
6025 6140
6498 3069
7518 6597
7351 2801
533 6486
5341 3881
1774 2442
2174 4530
7877 3317
1563 6775
3626 8079
5369 385
2904 3188
5982 6303
8154 2289
4196 1978
3447 6697
5265 6651
3108 5489
5209 1423
2792 2698
7969 79
2339 4917
5964 2038
4350 4702
5655 4095
2397 6217
7339 3600
3414 6382
2298 546
2145 1480
251 4005
7584 541
4408 7029
5791 6096
283 1499
161 3757
1579 2260
4493 6608
5917 1363
6549 2175
3175 5642
4236 5604
1441 8086
4109 3933
6513 1507
3594 7303
1439 6167
2259 1303
6873 955
178 8160
6527 6824
6052 1525
749 4571
439 3374
1857 4740
6424 4316
4404 4902
2332 3173
8116 958
3739 609
2530 1024
1144 7898
1730 5352
3246 5016
3072 3093
2517 8135
7031 743
6391 3894
3617 6269
1580 6036
6030 2486
249 7688
2154 4192
5451 2854
1687 5837
7669 1280
1566 2597
2983 5190
1150 4862
3427 1489
6405 2884
3540 3041
5198 8038
7857 3862
2115 5136
6460 3575
1348 4860
5804 3197
4061 4588
7619 5649
3261 6874
2279 7815
5090 1839
3771 6904
6398 1305
1742 2023
4809 4824
7664 3635
1523 3346
4991 5972
7582 2566
5959 6546
5798 4434
5410 1325
2741 7735
6624 368
6562 4476
8148 7050
6059 4389
2129 4753
36 314
6155 4305
3673 7824
7930 999
3793 4018
783 1828
6128 6631
5112 3830
2303 535
89 5998
1590 1301
115 7089
6005 4065
608 6315
5806 7387
2773 5054
6114 5499
5282 6180
1139 6587
358 47
851 2119
1610 4858
2458 5947
5193 2338
6691 6058
4735 6502
4578 5282
8030 1894
2040 3951
3270 6086
7349 6311
5633 4385
6242 5839
7909 1775
1600 2807
1899 7986
245 792
4594 550
3694 2007
3094 3307
4313 4676
7360 7426
3393 414
6861 5659
4124 2838
4896 407
1354 7129
7293 3510
6208 4847
1900 6413
2787 6836
4856 484
6370 7813
5130 456
3752 1392
7681 4247
5627 6968
1556 6406
4399 8102
98 3768
7917 205
5067 4644
1901 2716
4868 2369
2148 6637
4446 4819
4056 5410
5079 4341
4732 6422
7898 4946
1083 3420
4483 5144
2504 16
3809 1141
1825 1372
2958 7852
2674 6820
273 1443
362 4109
7811 3541
5532 7057
4274 4238
297 2518
3780 7514
8087 1027
868 3721
5119 5432
7037 7817
8083 6487
4951 2733
7085 45
6221 4078
154 580
2183 4820
3538 3377
409 281
781 7796
2896 3799
839 3898
2071 1200
1531 2889
1506 2249
6154 7384
7153 7031
8164 6570
3564 7376
6713 5332
5578 6750
8102 5900
2560 7178
3799 7515
4612 4266
4549 3500
6365 7421
506 6981
598 6804
6053 5438
5662 6859
7673 3554
1316 2452
1301 1670
6716 5845
4630 5283
7534 2559
849 6626
3969 3139
6473 2065
7573 2108
7513 1887
623 3546
2054 5827
5402 2223
8039 2086
6737 6815
2234 6155
6336 7562
4884 1988
8043 5819
5776 5372
4135 1398
4972 6758
7624 4409
5730 6734
2483 2522
7378 2930
495 6719
1709 8058
2411 3389
2342 5906
7004 3705
1793 5155
5693 4880
5974 2913
1158 279
1440 3725
848 403
2243 3632
3373 6649
3858 5079
1834 783
7761 5786
2955 4210
6341 2205
3704 6007
7061 970
2893 1178
614 2397
4425 6089
6680 7336
1140 7668
6850 6746
6474 5209
6695 3370
1122 4419
907 3147
2911 6449
2949 753
7451 5647
117 1647
425 3952
3429 3024
7327 1873
5503 1145
5231 1741
258 6069
6982 4125
3146 97
3488 2898
1940 3970
780 1946
2010 4526
558 7221
3149 935
7696 2885
7146 4692
7238 1586
2819 4767
4957 312
517 313
3860 1240
5785 6034
1644 7266
6231 7295
3088 4957
164 2203
5107 2863
7189 4693
6404 4497
1747 2168
6057 3431
3849 6434
6985 755
8076 196
3098 227
2805 2735
1204 5186
5152 5021
1103 181
5477 3058
3518 363
6058 895
2362 5576
7 2340
3212 5673
7622 882
7302 1578
5220 4198
1217 6388
3387 3963
2737 5738
2679 6620
7376 7905
1088 6195
7368 5130
2962 5260
357 1217
7918 162
259 6681
6988 1350
5034 3253
5424 1701
7203 3235
2495 7804
1085 644
2822 5230
761 8145
7276 909
2890 7264
1552 372
2412 1595
1538 1519
3920 1431
2067 2292
4296 3633
6683 615
1949 5208
1276 7047
5187 3769
5711 1381
2667 7948
7744 5579
5980 7570
7701 430
4949 5419
6350 4301
3423 6921
6027 7141
2390 207
2706 2385
6397 6770
6435 2244
5650 4794
4290 4082
7502 7575
4986 1050
3168 3119
1698 2077
2982 6887
211 4953
7208 5841
2016 4528
7625 3563
4238 1400
772 8023
1988 3567
6991 6982
5651 4647
3629 7362
5683 2791
3205 5059
5576 1448
3971 7492
2041 1925
590 3871
7913 8011
6640 7063
5263 7164
898 5145
2202 4866
7939 6688
596 2036
1394 7789
7497 7834
7685 2145
2294 3401
2670 7219
5099 4844
3990 2771
2527 4322
1981 4466
1756 6103
640 1321
5376 907
6012 711
4931 7324
1811 3926
4586 2718
7648 4841
7499 3300
5893 5106
4930 5373
4802 1417
1662 1902
4569 5633
2180 7587
1935 6146
1352 642
6715 3654
6377 1688
1310 8128
4044 3227
6359 1751
2542 5804
3887 4654
1500 4143
2827 2221
2238 4956
5590 3454
4516 3055
6795 3670
512 4886
1084 2063
2444 1104
6834 1300
7136 6984
7297 7247
7110 4460
776 3503
8081 918
982 4077
2795 6500
1922 7272
3967 296
1665 1650
5018 5559
5091 924
7690 5070
4571 5865
3683 692
2015 4479
2607 5110
862 7674
118 6213
508 3793
6044 4852
920 7113
3701 4138
2592 7874
5019 4446
5199 1727
6068 671
4429 5351
2989 654
2023 50
5567 2945
242 226
1347 4960
7142 2422
6659 2819
6396 7039
6750 11
7520 345
3352 4003
1772 7009
4803 5654
650 7166
6328 3473
1191 2413
3238 286
7586 2775
1323 6998
201 7006
1126 3166
5792 5248
2750 6107
6015 7098
4682 5169
1551 370
6117 6849
5035 5259
5224 4348
6055 5904
7941 2772
2199 4126
2219 6667
1897 5926
1306 613
7392 2623
5002 5898
870 1973
6098 4512
1923 1169
5346 4133
3794 6803
6541 5152
4831 6642
4754 5921
3115 2758
2518 4682
5404 1872
1043 6593
2733 7623
3018 4393
7810 4153
1467 73
4615 2154
2405 7001
7546 6085
6807 2462
6874 303
5283 5586
7575 2666
3883 2092
7566 2865
2497 5218
4035 1728
5219 5207
6961 778
7550 3133
2127 2052
3241 1924
806 5545
2800 4565
4020 4031
246 5607
2984 31
3401 4197
5832 7268
2075 5035
3487 299
1982 5890
648 5387
2538 8117
2083 1738
2153 8046
1495 6379
6000 3940
4024 4291
2069 6932
6164 6220
2005 7591
4195 3994
933 4885
7908 5675
1751 7002
5574 5090
4905 6186
6977 2991
4469 5996
1141 3232
7610 4596
7580 2579
7792 85
687 3090
6628 4761
2746 7957
3979 2866
3893 2285
7808 6773
991 1019
5128 8096
7170 390
6858 3671
6862 1043
588 5577
4133 639
3774 1608
4660 8139
7415 5656
6899 874
4505 6444
860 3052
5795 4711
6444 8152
4638 89
6859 1336
4591 7603
3631 4570
3042 7720
1782 983
7767 228
4431 7884
5983 1156
3431 6428
3534 3441
1903 3258
8005 7257
1625 7797
4827 7974
4818 354
5394 5514
1014 4220
2369 3828
5297 7822
7785 1671
1117 25
1259 6700
2522 4661
7184 6692
1972 1367
7117 7646
1998 7433
3121 1021
2198 5391
5987 6262
4243 358
7706 450
7352 890
1149 6002
4832 1735
7305 5853
2353 3800
175 2110
7510 3839
6360 110
5285 2214
3822 1710
3011 1933
1487 7831
7089 8138
7791 7130
91 2271
4266 6779
5740 7228
825 8090
1196 2916
8107 3380
8128 472
1517 476
3879 237
4247 1810
3646 2601
4387 2554
1681 3351
7950 4261
2196 6333
368 5265
8067 4563
1909 1395
7289 5469
4848 5359
4226 126
5416 808
1481 3387
4501 3171
3614 1264
35 6594
1828 690
6384 927
6788 1255
4094 2441
2579 5782
566 319
6608 7083
17 5506
8003 1005
2022 985
8035 3086
3482 2473
6708 2281
4808 7990
5139 2545
2163 4963
100 2450
4218 4797
2261 1726
1365 6255
6734 1874
400 5823
97 3920
4383 625
3625 5603
4598 2308
5190 2682
4617 7512
5041 7430
3436 1010
1268 1845
1577 6780
4461 7429
5407 4166
481 3973
1879 2027
2228 1192
1907 4398
1281 5377
5319 1320
7432 1827
5496 2309
7710 6748
437 7352
6440 4892
3964 6440
7560 8065
559 7499
1174 3535
7757 2867
7182 3064
2899 18
263 7968
4834 6455
2077 4795
5589 4485
7242 1188
1166 5074
1734 4286
4687 4905
713 6112
7577 1597
6011 7111
4051 7860
4487 7171
4484 3475
3678 1153
897 5001
1714 2744
4138 2170
204 3923
3454 3476
5763 2864
3484 5027
5222 1073
2851 2371
973 3588
7190 1186
5902 4289
1062 6011
5348 3429
8139 3292
4656 7496
6693 3306
7570 7717
3522 4507
1817 1836
1265 2824
3092 3356
375 757
2307 3456
2595 1081
344 2510
5326 5163
1157 4602
1052 7305
7558 1208
1827 4188
2297 6395
6828 1427
4057 4206
7591 2083
2519 7553
6351 7238
1225 3065
1615 1271
3095 1937
3372 5542
7789 5348
6958 7924
5455 3305
1612 7065
2653 7242
7643 1957
1446 2694
6764 7224
1833 3334
3599 4947
2024 3487
2205 2475
7666 691
7260 8166
1830 2983
7220 1215
4950 1391
1724 2419
4310 3449
6559 4467
2767 4128
2087 2047
1202 3355
7651 4244
1739 7600
5892 7333
1944 2192
4590 6345
2420 1465
5853 1823
3612 4724
1060 6842
6533 6450
852 3747
1274 1947
2428 5162
3800 5441
6392 2189
7617 2230
3082 4955
7387 2268
2985 1396
774 1832
6112 966
7959 8010
3985 5505
26 3192
1298 6301
7578 4517
7063 2529
329 1536
7119 4328
393 3134
1666 5226
3663 2322
1031 3668
2156 7832
931 908
4963 1294
304 5696
3923 6917
5976 8133
7144 2909
86 5974
5690 4463
6092 3770
53 7037
2089 6251
2139 3948
1183 6939
5744 7353
4711 1343
2247 6767
6531 148
1146 3507
6138 2533
7674 426
7729 7985
5672 4202
7964 6497
7892 5340
4924 1634
724 5337
7866 6072
4437 2728
7895 7681
3176 6135
5915 5193
4384 6271
5371 1065
5626 1816
1931 4136
5225 5490
4067 2310
4974 2665
7067 4048
269 4066
84 5461
2210 4112
4511 8052
4503 7330
7308 3037
7018 3297
5290 7706
133 6062
2806 2648
5400 7719
7130 3569
8090 7262
127 1538
4360 6114
6824 5915
4513 4851
4211 2586
458 746
4539 7795
7954 6914
5782 4151
5907 1684
5816 187
4321 7379
5862 2603
3894 2599
6445 782
6971 4814
4961 2491
4328 7694
621 2160
7973 2746
4466 540
6822 7131
3925 1282
1131 920
1704 5338
125 60
3319 8061
3881 7704
2277 7393
4102 401
5993 5639
2897 6296
221 1520
5583 2907
6376 3688
2265 4533
3136 4656
5395 3612
270 5975
4828 2245
1452 344
4080 4788
2037 5826
2345 3130
3385 4817
5311 2638
7764 4270
4842 6015
1134 115
6388 6696
5753 621
2242 3017
6423 3423
5120 336
5448 6447
2384 441
7265 2438
6631 6317
6357 4994
6676 4704
6744 4562
3495 7402
2953 3993
3927 6137
5313 3396
5027 7850
2673 7107
3426 2869
7425 1108
7055 7243
1047 4907
6700 7495
6471 3081
3073 1876
2936 3209
1208 5184
548 4816
3396 7889
3443 2118
1893 444
5910 1298
1797 4510
2017 4631
5854 359
3471 3498
7341 6417
2229 2922
1479 2770
3267 397
5778 4798
2192 4142
2296 1100
2410 6760
4363 3152
745 7093
3033 7541
4967 2980
4163 5069
7735 7297
1712 4732
3317 1474
5073 4605
6749 8043
2179 5745
130 7463
5512 3354
5736 2982
928 421
401 7718
3440 2184
2879 6145
856 6467
881 1083
4923 4906
6817 5572
173 938
305 6111
2510 1309
6062 2080
927 4723
4490 1594
3130 5693
7332 7109
4083 5621
4201 1150
2696 3634
6598 270
4678 5990
2170 946
1553 7777
6882 4641
7874 3540
8046 2194
163 6822
1521 1022
5061 1213
261 1630
3897 145
3253 930
3040 3324
4068 6176
3472 5864
2419 3864
5310 8027
3141 4643
6363 2213
442 2679
1767 1406
5639 666
4714 6985
5240 7309
24 5032
5540 6794
6895 94
5048 3752
7650 2760
6731 6832
6111 7231
1710 5049
1160 5422
2644 2635
3945 5991
2591 827
2494 1563
1554 3925
2758 771
6079 4511
27 8084
6407 7300
3642 1959
4855 1642
4422 284
3519 6154
7656 5189
8051 5443
423 1358
3255 5088
1480 7369
2814 3872
3340 3806
6642 2766
2964 1196
6784 6614
3061 832
3039 3218
7062 159
1777 8094
1049 302
3570 6087
5632 1560
4605 5313
3885 6573
5106 1795
4430 1066
3198 7500
602 5458
1583 7784
1672 2549
2611 1965
799 5620
3573 5784
760 1930
5621 1797
2324 3335
3895 2963
3716 3044
464 5761
4220 5452
3783 135
3978 6812
3019 6912
4338 4830
6262 8022
5160 7861
7967 7348
7224 2715
721 6627
7944 788
5238 4504
158 5958
3901 5663
1677 67
7419 4789
1800 4251
3438 6704
7478 3751
5357 6924
2377 1187
7102 5527
3797 6624
3106 2183
4990 4675
3332 1746
4566 7535
1330 3851
6490 6988
5032 6307
5089 3282
4125 5967
2726 6739
6110 1394
4663 6375
5121 3433
2374 188
51 2636
21 668
4653 5869
3914 7742
383 5918
1569 4802
1275 3499
6511 3234
3533 3388
4032 3561
7825 7503
7263 1451
3012 8025
3600 1669
3439 3096
4000 911
5497 1922
2648 7569
4093 899
3508 4392
7585 7439
5423 2843
1364 2673
138 6423
5689 1267
4207 1197
1978 4028
2236 2874
2424 5934
891 4920
3150 2465
591 3644
6202 7251
1937 1445
3227 7186
4335 7915
11 7292
3016 1960
4581 3158
2752 2457
1968 4958
4188 4336
1219 2710
3411 7768
2008 5824
5760 6316
2687 4326
6819 4070
2772 3462
3413 3156
5513 3740
7795 1004
5483 5610
1070 1220
5478 7539
4717 1801
4859 7196
3252 1730
3278 3397
7386 6791
4112 4549
4943 3866
6463 7801
2378 4283
937 2912
6710 928
3987 3256
3718 831
1012 6291
1628 2436
1641 4768
7890 7618
4637 2493
4300 3311
4919 7949
2837 1909
72 2032
1059 5376
1494 6930
4604 837
7127 5615
7015 6012
540 8019
5391 1449
4760 6613
1388 769
6244 4430
555 1521
6686 7259
3835 7444
7797 5544
2698 5670
5292 2258
6566 225
4496 809
7980 7697
1229 6895
5642 5724
2091 2808
6389 1590
1892 6312
4079 5536
3808 7653
616 5174
1711 7383
1980 6353
7388 5851
6968 5836
1928 3314
810 4755
1325 2022
5155 3319
8108 1794
2652 1149
5620 4650
7188 6235
6984 2455
5260 2975
970 2834
6720 2169
4123 1901
1127 6581
1412 6730
7291 7964
7065 1773
943 3610
1853 1218
4758 7864
5678 2540
7834 915
914 5546
5530 3205
166 6189
4442 7529
226 3792
2175 5183
4331 4488
3918 790
4652 7163
5185 451
3955 3837
1564 7904
571 6197
6319 4360
4210 4799
434 77
2558 5349
5223 2989
5526 5344
2457 3212
4567 6714
5619 4486
751 297
1081 500
1873 4538
1595 1958
6488 5509
4129 6075
503 5085
6692 8091
1929 2381
4695 1131
7113 4747
3138 1132
699 7233
109 1857
1544 777
5843 3457
4076 4506
2886 781
3134 7225
2956 4042
2682 5160
1559 2902
3160 856
976 665
1728 6193
999 5708
13 406
2572 6050
5218 574
2583 2112
5787 5097
977 1896
3515 2315
6420 4470
8063 2850
2043 7671
7867 2383
2501 265
6706 3539
7506 1273
5614 4583
2974 1550
6072 4102
1850 1996
3882 2390
6425 3411
2099 5646
4251 6057
2961 5392
5258 7136
6335 3373
1485 4350
1990 7473
6437 1439
6575 3682
1859 2051
4847 2049
731 5954
7805 776
4575 3814
5440 2225
450 1135
5977 386
7752 7858
152 648
5434 1606
4242 5966
4016 6272
2232 6899
7143 200
4156 6104
5940 7036
5144 3698
6427 7406
5343 2374
6051 5146
3862 2776
6429 4884
3876 365
6759 645
3325 8104
2557 5002
2697 1102
2366 2954
5565 4369
1248 2252
374 2376
3698 5920
637 4201
2664 7596
7788 6516
3230 3739
4418 5628
4643 4594
3795 697
3185 2649
5269 6242
2006 1130
2341 3955
1263 862
6593 7289
3178 2987
4807 6838
917 2166
826 6033
4632 5257
3139 6293
1048 5012
2540 2700
6962 5288
769 2950
6950 1020
7438 6259
3364 768
4942 6475
5171 4101
4185 381
4988 5942
3574 5113
2150 7934
5605 2814
714 7894
7875 2364
1477 5785
2939 1385
775 23
3726 3137
3497 5363
5942 4800
7695 288
3789 6558
2329 4230
1519 2014
7397 4069
829 855
469 3879
6780 503
7207 6549
406 4671
6723 5773
5479 7399
1983 1722
6804 3143
441 1533
6502 4255
6585 4928
4534 1414
2461 2328
719 1813
7956 3001
2547 7015
6856 2681
5616 950
5227 1296
6487 3568
5435 7124
7978 1562
1249 1514
2602 5789
6739 1769
227 7708
3339 5788
2476 8158
4657 2992
3593 2691
2559 6658
2289 3290
2393 4721
653 3571
2763 3
3113 7488
2388 1604
1177 1466
7574 1099
3815 5783
5359 4804
2215 544
1618 633
7559 1228
894 1408
8122 5969
2603 2562
4770 4038
6601 4705
4587 2498
3463 6675
54 7469
7686 7261
7321 6521
5017 636
6894 7061
1504 5690
2049 7790
1178 5739
3399 4833
4672 1127
8074 6902
4901 1755
7799 2317
3904 3614
6938 3722
3750 4545
1108 7007
6896 1942
3588 679
123 3844
6615 7016
4668 7326
6354 3129
528 3888
6728 5737
4794 3469
1963 2093
6854 6247
5849 1498
896 6117
3174 3181
551 1366
1839 7101
2972 1572
1696 6141
4237 76
1168 1111
6942 7230
2335 1453
4478 6646
6124 2745
1888 4888
1964 8032
4314 7568
6902 1581
5966 623
5603 508
2453 4949
6172 4089
190 3154
3983 6368
1995 7665
5515 6165
5742 1893
156 1798
3910 3121
404 6816
4377 1426
7535 4579
1667 5399
7468 4513
2609 3246
3187 5982
2141 4249
85 7897
240 4110
4130 1456
5270 6992
4072 490
394 798
7485 2555
4204 5518
7753 5775
1187 1183
2169 8037
738 3599
7734 254
7175 2806
243 7074
7745 6969
6975 6163
6087 3223
6890 2757
4050 2482
840 2236
3805 7911
4378 4008
3006 1615
576 7866
4640 6662
6418 593
205 7220
3685 5056
5702 5583
2774 7187
6829 2463
1121 960
951 6152
1294 3116
5370 7436
376 6130
7521 2894
3801 1160
1880 7446
6096 5036
2641 3051
1651 2833
3356 7634
2007 5277
1919 6609
1414 2167
6456 1105
3558 5584
7301 5698
8091 179
2490 1661
538 7317
4370 6565
2452 4145
1994 6028
6312 7260
3345 745
4927 5358
5328 7950
5003 5849
202 5627
6864 1204
1212 1113
5691 337
2803 2193
2314 1322
484 764
5083 4451
1386 1678
1434 1861
2060 4218
560 5098
4812 1123
3445 533
4396 7022
6411 3918
1326 1138
7790 3663
1357 3956
6999 1667
1397 845
5489 2591
3829 2724
3656 1253
6591 2548
2513 3003
5638 4083
3419 779
3848 4664
2757 1968
5431 7298
8079 514
59 2893
1732 1122
4733 5581
7849 6953
3316 4072
6641 3213
7338 8003
2625 1734
4069 608
4190 7203
7646 7753
6093 6350
6303 6221
4570 1799
6081 7510
6234 2906
2092 39
5349 3452
6107 4302
5553 6856
912 5961
6040 7842
6926 1120
103 2248
4014 3891
2293 6249
4246 2050
955 8035
3899 922
4107 7030
7021 4167
6670 2923
985 3958
5145 1516
4492 1555
6967 7532
4907 5927
5050 4680
7507 5408
3327 5588
3816 7655
2785 6679
7884 3512
1582 2627
4874 1653
3791 2677
2260 99
5996 7572
7511 3679
4347 3018
1815 3825
7555 4669
5381 3548
727 5917
8044 5831
3296 3040
2577 567
5762 6789
1335 4739
5903 4426
2921 4349
7330 5925
147 7715
2269 1226
1810 4482
525 3639
5211 5187
2395 2136
1449 6566
6772 7
453 1428
5652 182
7245 1566
8058 8115
6948 2628
248 3289
2300 6797
7179 3418
4282 729
5908 583
1773 5681
1437 3216
5774 4974
4031 3726
2032 4987
6698 793
6909 4473
314 6052
6552 3520
1779 4057
4799 3908
6412 2592
838 7184
8149 7081
5660 2019
234 3982
1938 5421
1655 3689
8061 3421
2134 2477
2085 7034
4706 6222
669 7215
6145 6343
5968 4518
2988 585
4100 3513
874 8089
5761 2368
5946 7620
6301 6322
5988 7810
1261 180
3476 3312
4428 2333
3303 5046
7997 6793
1847 6980
5888 6241
817 1890
5813 4677
6001 1906
611 6879
3956 2326
5969 3878
7870 4567
3366 6666
8097 1354
8026 3404
1459 6915
2521 6032
1646 2689
8078 351
7561 49
7986 2748
2182 751
7092 5453
2108 1126
1264 6677
3284 1548
4849 3590
2109 5386
3049 5158
6414 8051
2249 167
3970 8149
2924 559
3951 710
3129 7310
431 3691
2713 6065
6362 1926
7881 7249
5054 488
3105 1657
6163 7204
6050 2943
2415 7993
7171 5983
7904 1636
2418 238
5584 683
5718 7660
5608 5318
4162 3723
7999 427
747 6978
3307 4447
4327 1913
5955 2067
2624 4843
1247 153
5066 4713
448 4762
8016 956
3681 7279
5926 1190
5882 3273
1690 7284
1726 4407
3268 7480
3697 5436
941 3621
2239 3942
4416 7521
4329 4503
2284 7750
452 2927
6785 4540
5217 6433
150 7982
8113 2634
8047 7764
5132 3882
57 5094
1991 6429
2675 7544
1567 2826
960 7470
5023 5072
1717 7966
3107 2879
3863 4429
2048 3867
2860 4493
3512 7961
4144 2526
7626 1535
3081 3451
3740 2162
25 6346
2310 3626
2120 5751
2240 4611
4403 2153
5545 2209
144 869
1970 2226
6730 7234
6618 8121
5992 2406
6239 7192
1205 6399
3529 1276
5065 5273
7525 4708
1076 383
5679 2469
612 6494
4873 7781
7660 4170
4231 3552
6741 7785
5344 7314
2920 7216
4393 6358
4946 6323
2221 483
1769 4375
4382 3517
7109 5134
521 6567
2186 3412
2340 3128
2711 7588
7919 6873
5138 812
4673 1649
6028 7458
260 2445
2220 3157
2350 1052
3350 6485
1684 7876
430 5653
6046 6881
4902 4158
6947 5334
6755 2993
7749 6972
1004 333
183 5116
597 3178
4572 6589
7588 7290
1511 2212
7741 1694
5031 7859
5883 5939
3700 6657
6928 5212
295 1161
8022 6811
678 32
6308 1682
4193 6318
1053 5154
5747 6922
4592 1142
3244 4331
3811 6731
3689 1674
191 8004
6311 5297
1619 4990
771 7846
5769 7056
4568 2398
3672 3000
2528 5884
2217 3978
1363 7853
7539 6861
3884 1238
6393 7307
6756 2934
3764 7263
6291 3754
7630 1512
3320 1061
2875 1016
5207 4698
8099 828
2492 6580
7295 646
4191 2729
6220 1418
3637 4431
6959 7302
6648 3766
5848 3288
1181 816
7920 1878
5127 3263
1283 459
7970 3930
2695 1589
7173 221
1898 5575
3896 3656
6289 7745
5437 4967
6373 1917
3493 5472
5200 851
5015 4694
2430 3847
4850 6518
7395 767
8057 1859
2140 7988
610 4531
1911 3170
1041 7691
1138 4915
6568 5170
683 7476
6300 3641
6911 3497
5468 5726
4610 7893
4532 494
5206 815
2306 5370
4669 3446
4752 5397
395 3468
1193 5050
7779 5820
6944 7253
3886 4782
3067 8047
7206 6505
43 5483
2966 6492
7129 8066
20 3849
3954 4221
236 901
7840 7630
3608 2547
3417 1304
2791 6504
2562 5640
1854 5791
2034 4090
987 7526
4170 1907
3362 662
4058 405
7068 4806
504 6571
7984 7086
7462 3399
4525 6414
1862 2607
2357 250
2066 661
6129 4043
3828 6544
3222 3202
4978 2037
4179 2713
3023 5103
5577 1612
95 1198
1984 7550
1745 6868
5643 5510
7641 2276
7147 2525
6061 6139
5671 6706
3290 4640
7948 4636
5552 1697
6070 4080
5049 2829
5933 560
3196 3072
1664 6068
6265 6273
1781 638
4618 3794
1529 7287
2779 3364
1152 332
2493 2159
2880 5459
4258 5539
7272 3190
7775 455
4183 5526
1238 7278
3003 1972
1068 2535
403 3070
5733 565
6904 4791
6540 7942
7923 6507
7382 7104
1498 106
3575 6818
1223 3007
7943 4135
2498 6894
7159 5709
2432 5624
2126 5566
1491 6232
607 3584
2947 1046
7676 5406
2861 4555
4288 2251
5696 5125
4412 5231
855 30
5617 4501
7374 5412
235 7487
524 7374
1791 2690
3226 1461
4250 1721
5836 4972
547 7347
2020 1969
6612 2512
5779 5091
7814 1648
8110 2543
7873 6448
2168 3874
4608 4836
2058 6460
119 647
913 1227
4772 6443
797 2836
7858 3861
6646 7018
7627 2840
4502 2427
6038 4033
3211 7427
4786 1780
4781 1886
6049 2669
2672 1388
1409 4564
2318 5167
1475 5274
6524 806
336 814
7862 2796
5255 917
792 4193
61 116
5952 6925
2136 865
7178 6668
16 1117
7227 7976
7262 1241
3532 7741
6462 887
3111 3368
5239 8016
2044 6158
7635 7455
5325 2081
7770 5127
6927 6144
1562 3167
4178 7519
1489 6663
31 6509
3521 1888
7675 2632
2406 138
3363 5381
7687 3628
2867 8067
1864 7725
2976 7453
5805 1895
711 1666
1613 2692
6582 5025
6305 3673
7180 7769
2783 2959
6121 6715
7214 5247
6656 5346
1407 2176
4498 6132
6123 7236
1435 7069
733 982
7728 3798
1706 7398
5450 5196
5588 5014
3761 7987
5094 6552
7461 6853
3624 398
5754 1844
1398 616
4784 4075
1801 7871
1288 1386
3101 6393
6814 211
1136 1995
4606 7513
1116 4273
2222 2152
3458 888
4053 4009
4307 274
1420 3697
6162 2055
5664 7601
5201 1544
2400 7088
4411 4194
6571 995
7526 4630
1421 7010
6101 2495
3878 3953
2 5710
2064 5747
6406 258
7551 2073
4545 681
4353 1165
2454 3686
1881 7925
4276 2312
5044 3369
241 992
709 134
2317 2921
2776 2873
7628 1580
50 8130
1649 1041
3826 3126
888 6680
3679 3366
7829 6337
282 651
6529 1485
315 5138
5508 2224
4667 5533
7364 3826
4869 2098
8165 4877
965 3967
354 2138
1760 4828
5935 6955
5794 7563
1337 7312
3301 4553
507 4807
1046 7443
6035 6888
7612 2643
6492 7448
3007 3859
2157 5286
7912 7055
5111 5629
2715 2786
1770 916
3400 5728
5829 4516
3258 3196
2212 6238
5861 8106
1113 419
3854 2515
3507 3858
2113 175
6570 5401
671 1328
6506 6846
6228 1607
3186 5678
3326 6484
2610 7092
1093 364
1391 1619
7033 5450
1486 1036
3013 3578
586 5574
4281 7910
808 4461
6833 6357
7431 6367
568 1766
7365 5953
2425 643
5734 3519
1184 2157
7683 6435
5611 5037
4550 962
2720 2794
7401 5177
1969 4823
2846 3550
2692 2820
1370 2762
391 327
229 1157
2057 1136
7780 2839
4297 6660
520 7538
7053 7432
2416 7032
3651 4203
1038 2881
1028 5066
5247 715
3907 3447
7880 4544
5654 5524
2691 6136
7023 2754
3060 4839
1967 1056
2246 28
4836 3111
472 69
4287 3410
3744 7389
949 5291
964 3480
5492 6288
518 61
6309 7546
6905 7372
37 1176
4097 1074
2727 3729
5307 2352
4935 4796
7097 2613
4611 4405
3736 6329
765 5989
2187 4275
7433 4604
1314 2068
58 435
5838 2155
7279 4700
3084 2531
318 6359
7885 3774
7469 3556
2364 5873
7124 4574
277 5327
288 7805
7598 3564
1171 1051
6800 3577
3127 48
6031 329
4796 2759
426 3506
1430 72
1198 2767
7264 1285
3308 7886
2812 5626
2749 3637
7001 3206
1245 5922
5045 7663
194 3780
1241 82
2122 5523
7066 3949
2887 4379
6320 6041
6655 1626
3213 291
342 498
910 7887
7151 161
2545 2188
2505 292
5141 5935
4829 380
6263 5081
4705 6866
6045 5267
6981 5962
8024 3436
7597 6470
2620 6994
8085 7127
7678 3122
4357 2570
2871 5662
7323 4722
4725 6364
174 2303
5353 2434
2002 2449
3093 5482
3909 8050
3395 1777
6674 5685
4019 1943
7822 118
33 68
7202 3651
4045 4882
5569 4147
2554 481
6793 5044
6687 1434
4073 4006
3680 6236
2619 1754
8111 4529
7213 5476
5189 6420
4833 5199
5386 2506
272 1359
4161 5388
5568 6110
4962 505
5682 4415
7492 3660
5167 2940
339 7335
3611 5244
4420 1869
1715 3022
5601 7946
6846 588
2515 3186
5168 1573
4719 4055
4805 843
3845 1638
6302 6256
3660 7068
2036 8101
4009 1223
1402 7670
4538 1023
6100 1424
4789 7678
8088 3943
1581 1696
652 5389
2705 2800
3840 4559
6733 2631
4736 6215
6679 3117
3236 6454
2630 5984
5010 3435
6668 1847
167 144
3097 5802
4232 6441
7615 6588
5542 3144
6613 8073
4875 606
534 1266
5659 4726
6408 5362
5397 8020
5385 1892
5536 4577
1971 722
5857 3574
3812 269
7303 2085
3647 766
3310 1625
2754 7747
7691 4208
4709 6153
7473 6286
1727 6993
4820 6612
7600 6131
6293 7076
7011 8021
5259 1171
4664 5700
4535 4277
5482 2575
3473 7703
5064 5076
649 6733
4491 1571
460 5960
5835 6330
6185 2393
693 2015
3924 1125
6872 1079
7486 2500
1942 6361
1661 3786
2004 5396
7285 2359
6709 3285
5728 1681
4753 6556
4316 417
3192 6909
2721 3231
8060 6550
2655 5971
7952 243
2780 3120
7722 5599
7006 3424
3297 2640
7530 2774
5164 6527
1151 512
3513 7827
2231 6070
6760 5486
5230 6278
3552 1468
5801 7143
3714 2311
65 3846
2479 5909
7981 7862
6485 5329
5350 789
7503 7664
7961 276
4722 7756
2811 1007
7992 4547
1635 3248
1147 1999
6085 1481
7800 5674
3732 4734
7957 3140
2571 4777
3420 5867
6702 7091
5055 2633
306 1858
2965 212
5105 4733
6569 1116
2252 1469
692 3066
7456 7102
4436 7394
4909 634
7702 2182
3560 4260
7236 3474
5472 2610
4750 749
3699 584
8077 5477
7883 5814
4104 4116
7522 5979
4103 2734
1840 3330
102 2075
3242 5497
8143 2615
7571 420
192 267
4011 2997
8052 2999
3034 4276
636 6586
6167 3315
6182 457
6689 5555
7888 5995
4002 4022
5166 1407
2360 1369
1663 4498
8147 8142
7523 171
5070 656
353 6752
6512 6182
4740 3004
4143 8012
8145 1034
2056 3035
2472 5324
7306 3402
2815 4809
5103 5999
482 6178
6970 3687
6215 7926
1035 6456
6583 2355
2555 1868
8025 6018
7002 3350
3269 6619
5814 3665
6826 325
5941 3840
5029 1692
539 5293
7531 6935
2466 1641
2884 5133
805 4458
2334 1540
1794 6038
2637 826
5991 3749
4785 1093
2738 6776
739 5439
4003 4670
5374 6726
2313 5192
398 3361
3686 3664
3572 1146
5471 5815
7069 4299
2824 3658
866 4414
5097 464
6906 3238
6919 34
7296 6365
5871 3353
6666 4032
5961 6396
1807 934
777 3728
5433 1501
1368 2847
2359 8
5327 3471
1603 3340
3384 6123
1541 57
7937 2099
7310 2091
5735 5100
5912 1287
7977 3652
1503 248
3491 2696
6286 5316
672 5491
6290 2645
346 1541
7960 7014
7484 7969
4157 58
3591 2967
7294 6795
3215 5272
6433 6282
7545 6512
6900 4714
3164 7848
7914 2837
6500 6951
197 7501
5074 412
715 331
6113 4121
5595 687
2993 4787
1647 6335
6913 122
6577 614
4424 7381
4175 7716
6840 7605
7889 7475
7430 5278
1959 6625
5922 255
4823 1531
5419 443
5393 537
6149 3221
5447 3939
4407 2357
326 3448
4720 1441
1803 4216
4385 2578
6933 2392
6773 1490
2331 4368
651 3959
6159 7209
4654 912
350 6228
2160 4731
4165 2761
5820 875
5748 2542
4028 5822
3870 502
1415 1599
3638 4621
7406 496
6132 990
6346 3854
2244 7096
6714 6363
710 5875
1341 4769
7281 1877
5831 597
990 6648
3380 4175
7803 3648
4703 7554
2575 5062
7787 7766
3743 1719
2566 849
6029 6119
1822 7978
3479 8147
7154 7115
2723 1592
8095 1270
2050 6300
1165 6184
3306 4825
1189 7466
2830 4620
1743 5862
3190 1956
198 3059
5710 8055
2536 402
5745 2206
4825 5119
5978 4615
3237 3046
7714 3057
4164 6381
4607 2331
2437 7849
7442 5161
5575 684
5998 5899
3688 4307
4779 516
2902 194
4397 7643
1722 1854
5465 123
6294 235
7233 2573
7700 280
6104 4494
4883 2528
6865 5034
1725 3777
1063 2749
3289 1675
7016 1546
523 4719
6329 3607
736 568
4311 717
3728 6661
5856 5688
4402 5781
8033 7833
1573 3466
6870 2752
4596 5930
7806 4890
3898 3413
4306 176
5403 6304
6924 6438
1302 2363
467 6
6084 6067
6818 4215
2957 1310
1866 750
7457 104
5110 8119
8019 3812
7150 1332
3446 5897
7035 7066
4040 4454
5666 5433
5493 1033
6017 3115
8084 3889
5284 6157
3070 6102
624 6851
7783 2797
7955 5882
3582 7358
3526 5660
4262 3067
6688 7285
4409 2416
1526 2283
2941 5403
8166 7879
3687 3903
4046 5585
4932 7525
6867 1335
6438 4217
1518 7638
2821 1339
606 1985
2464 239
6987 5515
2385 4597
7275 8068
2662 1539
7064 7772
7400 4859
7434 3915
5629 7659
3916 2857
3381 6394
2913 3187
6004 6901
3762 7472
3758 6578
1210 839
5958 8164
4027 7386
7050 3811
3305 863
5208 3813
3315 2237
5122 6402
5131 6092
7868 4743
3819 4968
7993 2876
2877 2446
2287 6490
1954 384
3931 2947
7222 3876
3851 1651
5331 5645
2549 5977
3601 4327
5246 5643
2502 2955
8070 2751
3755 7580
5661 2792
6066 2391
7743 6020
4007 2532
6604 5468
7008 5850
4519 8159
3867 3461
2688 6526
322 4351
5623 6285
3759 880
7232 29
7723 5591
6717 1820
1271 2685
1868 6200
5289 6073
6803 1748
3442 7156
717 1637
3980 3601
5984 63
4853 3597
4230 3414
2059 7176
256 7981
8048 3646
4444 727
3354 1487
1924 2395
4904 7953
388 3776
4398 5132
5452 6536
1233 1361
7512 5137
6285 1088
4010 725
6669 411
2152 6390
6629 6196
6421 6860
812 2129
4953 807
7013 6979
433 885
6075 7320
2997 2717
6660 3274
106 259
7356 5173
4312 5978
1540 1319
5444 2140
1227 7855
5579 2142
1790 7411
802 1409
1098 4382
3541 6446
3126 2773
7807 1097
6200 7738
5104 6799
1902 360
6495 6187
5610 6908
6417 7191
3492 4433
1920 4759
3871 5771
4078 6949
7928 6890
4172 3325
4463 6610
1109 4424
7096 5648
6934 752
1999 2420
3777 4581
7038 4614
5486 2523
7329 6289
4099 301
384 6342
3416 1981
2999 2883
3077 2815
1584 4013
1532 2952
5212 1582
3636 7205
7823 3405
5000 2966
6207 7329
5409 1082
3256 4437
6757 6227
1423 1776
4277 1288
609 278
3531 949
5665 4770
232 3640
7304 4756
778 7921
5648 1617
4131 6918
7942 6258
185 861
3298 4848
2596 6683
6525 3712
5726 140
8002 5095
3804 3816
2123 2127
8151 3684
214 1425
7007 6585
7983 4258
2090 5029
5320 549
6295 6351
1527 5722
757 3583
2506 5671
7631 6451
872 203
5751 1009
5921 155
5876 1302
7596 1621
6774 2663
2916 1948
639 5834
4269 6617
5670 6173
4192 8143
107 3464
3462 7793
3357 4578
1237 438
7408 1699
7852 5117
7466 3733
3220 3873
5342 943
7887 1315
3483 6729
2147 1781
4992 5063
7623 6640
6248 4991
3277 1415
5634 4279
3717 5946
6187 1515
7137 3758
6995 6720
1453 3329
1606 2647
6148 5003
5612 3463
1975 1191
3219 4060
1315 2704
4432 6473
7078 7673
1405 8099
3334 7612
4528 4233
6379 2294
1875 4039
6964 4923
5030 2423
7247 4870
6253 1115
5293 5973
5720 236
7725 309
4229 43
308 2899
882 7382
1985 1143
4691 1284
1424 3969
3338 1180
7965 4223
5897 1351
573 2291
4249 3559
892 4051
7616 4754
2798 5924
372 7865
6941 2624
1192 6654
2951 5768
6555 5339
4560 448
5562 8162
1389 3589
1317 5357
2101 5949
2119 3976
1313 3743
6279 2246
6292 6462
6816 6472
3360 5896
2093 271
1372 1934
361 5300
6024 3538
114 5582
4998 3203
3785 3320
7821 3797
1659 5616
899 1882
1849 696
1654 2948
1501 7447
5312 2727
827 2877
3996 2686
5793 2190
3063 101
1287 1420
4881 4383
5214 6439
4955 7583
7647 3935
5174 4940
1393 1758
7444 3649
1883 6543
7605 7044
7448 8120
695 3738
4116 5535
2838 7409
6340 4746
6026 3241
2561 6099
1631 3352
3085 40
5183 7144
480 5748
2226 1551
208 6181
1125 469
7975 3613
4677 6076
2084 6782
8010 4222
7145 6749
1962 1990
798 3736
2305 1898
225 7584
2799 5713
2719 5268
1599 6707
2573 1457
6805 432
2489 838
2563 7150
3247 7028
4730 7888
4005 6369
3847 571
63 5071
8059 6042
1406 2121
6032 7072
3788 3054
1692 6533
3837 4410
3355 2519
2451 6872
7334 5038
4857 1049
3402 7906
5825 850
7782 5937
2622 5129
2807 6082
2125 903
5458 3136
7841 5541
2608 3025
7665 6716
81 2171
6347 422
7751 4456
6013 4635
3017 1811
6960 2059
3545 3009
1626 3927
7876 473
3933 6168
4272 4146
6227 6764
501 230
417 4084
262 1838
1723 5485
871 896
3464 5108
5951 4034
4318 4154
79 5776
6557 2652
2854 6084
7361 3398
753 95
7733 529
3028 5959
5101 5252
1512 295
1089 2405
3715 3341
5833 5970
7134 3692
7891 6897
237 4950
5109 240
725 3308
5075 5011
8006 8123
3188 4265
893 2046
1324 3667
2347 2467
1444 2699
5333 5233
4517 3302
42 756
4816 1008
6226 6078
1741 1256
7905 2414
3984 620
905 7709
7249 2372
5445 5888
3331 3897
6174 4835
3365 4752
7613 6124
3745 5556
5698 6973
5504 3482
6732 5821
726 2227
3324 8100
1737 6757
5266 2736
6711 4050
6560 5198
697 6496
4445 6783
292 2126
3756 3016
4041 7913
4597 7155
6368 1234
3707 199
3272 2096
4766 4213
7450 2135
3459 7565
5021 1412
6371 437
1894 3527
4173 2787
1913 92
1820 6814
7707 7283
7278 4104
2321 3906
5329 7806
574 2496
7042 3779
4623 7733
257 7035
7270 377
1891 1843
2311 6463
14 6378
2442 3683
4599 3459
1450 10
1806 1921
5028 3593
3249 877
2514 5375
1989 3524
5490 6531
3026 8005
4737 4938
3926 3384
1768 1140
5731 1768
5467 4235
6847 5770
7479 8087
2047 3326
677 4975
7098 2314
3288 7837
1614 4015
7765 6732
619 2882
4105 7198
4681 2683
5009 1299
7195 7736
3524 3834
880 4779
3453 7645
7348 7067
6369 6966
176 7999
1469 5157
3250 1221
2940 3750
615 5735
4401 5276
2351 4366
730 7522
1067 2551
2088 2111
680 423
3197 3944
7717 5893
3708 7972
1218 7652
6267 4659
4004 4359
6169 2777
6722 1920
795 5206
4140 2323
4769 3928
3844 5613
4365 4423
6810 6466
2657 8113
6083 5271
6787 404
5286 3870
4273 3105
7595 1643
1821 4127
6321 6005
6586 7254
2650 4189
996 177
7699 3259
967 4174
7025 631
3409 854
3353 4673
4541 6784
6644 7811
5997 2362
6632 1329
5970 6457
7931 7560
6843 1747
6831 4150
3486 4400
6974 4868
6929 2739
7661 1094
4042 858
5299 1528
3271 7762
5466 5315
7311 6306
3832 2782
2469 5353
1369 1774
7423 2172
3723 6943
4471 3509
6270 2928
5924 6709
3283 4481
878 7731
271 5462
7346 2896
1948 4899
7160 1017
4108 5096
6925 4388
705 6528
3056 655
1252 518
231 6920
64 7939
7299 4873
4037 1568
7185 2662
359 1222
3455 7181
285 5750
3911 2254
6272 7364
3856 913
5549 3012
581 3934
1162 5013
1668 4129
5439 21
327 5114
3890 1761
7886 5997
4839 7033
7724 2360
7197 7271
2475 4094
5142 1281
6180 7965
4862 5440
883 7661
3504 6127
4026 7288
1473 6635
7317 680
8120 1462
6914 2177
4536 6821
2712 2998
6449 4701
2777 2842
2225 7854
2383 2511
2770 3703
3449 4867
3142 3582
60 2920
2918 7277
6626 1703
5756 6349
4997 4353
6617 8111
5250 3782
4205 5719
5126 2644
8055 4634
4925 5385
3652 6761
5337 2409
8093 6412
4400 5442
1819 7232
2535 941
2470 748
785 8124
1115 5637
4214 4699
7071 2937
4507 3950
3410 3810
5818 554
1936 4459
3557 1944
2593 1718
421 526
1808 6515
2686 3160
5459 3375
867 7315
5837 6529
3693 2321
1558 842
3814 5803
3343 904
1358 209
6767 2238
5784 4001
3030 3781
3976 1422
7120 7456
3589 6171
6635 5863
1110 1237
2755 185
1906 6647
1290 7403
2642 4304
6304 5423
4181 2552
1638 2483
966 6618
5859 4548
3500 5301
1798 7097
7292 7751
6448 5261
5721 1912
2629 3015
6241 4148
1432 4996
1620 2411
6332 1659
968 1665
3790 2275
5518 4995
6825 650
5446 5367
7737 1707
4934 2725
2253 1290
7740 6927
2681 1818
1055 5963
4863 5201
3323 4924
7261 3439
5151 1404
6256 2339
7453 8059
6684 968
7046 1742
4452 1905
6381 7614
4248 3983
3263 3789
1027 7490
7045 5881
328 5101
7384 4449
3200 4930
6275 3543
2264 900
5254 3791
2963 3764
5025 5732
6218 1717
3065 172
4473 1585
6344 1686
1339 3084
895 3309
2197 7095
4729 7172
6761 5478
3496 3313
8041 3189
488 6097
5688 5790
7101 7867
807 7269
5368 3417
4341 2861
3959 5335
2213 5563
2426 4314
2509 4842
5811 7676
3392 1570
3595 1275
5598 2720
6390 6338
7922 206
4775 522
6442 7732
4970 4004
1447 5139
7848 1885
7223 2284
7583 1680
5203 2606
6776 3416
2097 5269
5929 487
3361 3357
2845 4178
7445 1254
2883 1618
1683 4149
2396 3219
3627 3808
2520 6126
1702 7248
7471 6947
3827 1230
5233 3775
953 1193
1296 2957
6665 6956
3581 4428
3086 5844
1921 2536
5557 3778
5803 2087
3802 5638
5507 5799
773 2095
6324 2583
1588 5843
4319 624
6869 4546
6630 905
5474 4370
4791 224
6077 3327
1061 2596
1095 5723
7313 2408
7084 7256
2184 5870
6762 7286
3830 5756
1877 5205
5335 7359
366 7899
8140 3443
279 3875
6237 1750
2950 1
4368 6622
418 3165
6268 4016
8137 6710
613 723
3064 2499
1257 5254
7736 4766
5113 1814
837 5051
2477 6334
6564 4422
3953 2298
7205 5
3457 2361
47 553
7030 6989
3038 6870
4646 977
7604 6134
5525 3629
1765 3938
5379 663
3514 521
3648 166
6422 3342
7726 515
1236 4785
2840 2478
1185 5241
6842 474
6232 2044
7099 4000
2729 3021
2665 952
5324 8155
3592 2639
6455 3530
3066 7914
4952 1397
8056 275
1057 8129
864 5749
2233 6339
5008 6017
2564 470
7592 6837
7581 6056
330 740
4257 7183
5133 2471
7014 6120
4499 3344
3506 2492
6019 4093
3078 5298
7003 5669
5842 7493
299 7771
4971 1071
6699 2985
1476 3145
8094 4343
1700 5835
1417 2678
5815 416
8163 5528
8089 3931
4865 4961
6956 5061
1586 2812
4965 6431
2322 2705
7589 83
6080 3204
6479 6100
2272 2102
7982 2795
7191 12
7309 951
1758 2474
4819 7943
3015 7737
3032 1732
2274 7895
3543 7194
335 5797
8068 1932
1230 7167
4406 618
5901 7814
1250 6047
309 3650
4049 3019
2031 5308
351 7679
4940 5608
3539 4387
2027 4242
356 7486
1869 3291
8027 5595
3358 6768
7987 5454
3982 1306
1023 5780
6403 6397
7634 5280
3963 5957
1492 1370
2907 33
5555 1069
5484 7116
6355 5093
2853 4209
1884 6074
6137 7882
5847 2042
7966 963
2908 795
2482 7786
7929 3023
45 6919
6219 7648
2481 5031
1974 870
6014 2048
577 3100
6450 1337
6671 2116
7333 6491
4464 4156
5011 3841
2365 8127
5095 1000
7543 4334
4244 1936
1925 5767
7863 6545
2399 5725
900 3741
979 1497
2994 1047
4625 3208
4299 5182
3218 4237
4071 55
954 703
3917 6787
4149 6147
7968 2541
7540 5026
4743 3620
691 4468
789 1919
200 4625
1383 4959
6142 3996
6176 3505
1679 6118
447 3491
2663 5994
244 91
2616 7629
7228 3077
5162 5080
6891 499
8080 6905
1214 4294
392 3337
2930 4720
6400 2346
5476 5564
6638 5156
7742 5945
4381 6713
6851 7552
516 4046
3779 471
3584 5444
7781 8030
3850 3992
4872 4853
5429 8009
2046 7983
6518 7941
2586 6040
1602 4190
1209 7573
5115 491
196 7424
8123 4871
2171 5911
1442 2005
2970 5980
2429 6834
2065 6745
5802 1014
7720 4380
7620 5467
4655 2517
1837 7582
4180 5309
6225 5517
5332 7294
1332 2134
6634 6664
1072 7434
3224 572
4339 4212
7104 7316
3670 3913
5237 3281
6380 7820
7148 3002
1037 3243
3240 2174
1102 1860
6367 4969
4145 293
4707 5239
113 4171
511 3199
3861 7465
4553 3112
1733 1884
6849 7161
2582 1713
6097 5632
494 7360
8121 7135
148 2764
6637 1338
3818 3585
4871 4435
195 7597
6161 232
2633 3999
3369 3713
1362 6511
7405 24
2740 5060
5705 3236
1033 6331
8050 352
1594 759
936 4629
4278 3580
1601 5464
5658 7227
6935 8134
1843 3318
6491 4371
2203 2732
3765 5529
7455 6243
4622 6083
3607 5251
6592 4464
5505 673
2111 5699
3868 3403
595 3338
722 4442
6095 5347
1568 4914
5306 7217
1932 2851
5701 6691
6609 5405
87 853
5606 3941
69 996
1530 7506
3248 5537
2789 7633
1746 2888
5668 4683
298 4035
2167 3310
5360 1045
1058 3270
6875 7935
793 3303
4921 1903
7077 7368
7135 7177
5713 277
6181 2706
422 6959
1401 5557
2189 1382
5514 6175
845 6606
4636 7361
3342 5023
3942 4394
6603 108
2480 4609
6782 7206
1812 5496
1952 6208
1829 5683
3873 7119
6349 7807
2977 4910
5599 6059
3055 374
1482 3514
5817 5707
7621 3857
6653 7621
7336 7322
6509 5878
2553 5944
3050 7497
2214 4765
7932 1693
7070 3224
6023 2150
6675 2849
1285 2561
2626 2828
1338 5525
216 160
5457 7438
5972 6471
5891 3616
5125 2651
199 4550
3133 5516
4689 6772
4746 2538
1671 4818
52 7058
1194 1362
4203 7332
1024 6944
4645 5571
4435 3056
647 7608
7248 2750
334 3485
4047 3961
7394 5020
5449 2261
7225 2117
5338 479
1044 1352
3938 7947
5345 5292
4563 4457
2343 2356
3655 1155
2826 5122
3031 4103
455 4278
4745 3606
4114 3153
4547 7997
3865 1660
7994 7971
1736 599
169 2900
1488 947
6649 1384
2669 4926
4641 2148
2943 1494
3527 3444
3579 6203
6238 8036
3347 2334
6252 7885
5558 3240
6883 4281
1598 598
6848 4362
3368 5530
3021 4122
3839 4346
7164 4492
1329 2609
6664 1110
2039 251
836 4340
7897 4416
4686 6705
2568 4347
7398 2778
865 5493
2394 785
5204 6974
876 5655
5602 7125
1008 7902
4451 6809
365 2973
4259 5312
5318 3336
2858 763
4889 1252
1536 4887
4215 1875
7198 42
5436 881
3312 3383
5773 5848
6765 7051
2747 586
5084 6876
2079 6209
1199 5684
7399 5522
784 4160
3132 7338
4650 305
184 2675
1433 1646
3096 2217
7991 5142
6724 1232
485 5366
19 215
1750 7692
3993 1830
497 7779
1090 4227
4348 7265
4293 6535
7738 1655
7878 5634
265 3901
3653 6554
340 5140
5063 2132
332 7517
2617 5658
5012 2208
5229 5420
4757 7282
702 4354
218 4130
8007 1416
3888 5223
7181 6488
3820 5354
6386 5314
3936 3845
274 2072
6235 5342
6748 6377
2455 458
7528 7049
3903 6408
1740 898
1278 5494
6299 3790
1087 4308
7196 5887
2155 2785
5159 6547
887 5611
6806 7082
3833 2768
3823 1430
3561 2556
5520 5055
7899 5150
1021 8107
1413 4432
1757 5955
5715 6219
605 2910
7390 7345
3053 4813
5889 6957
6672 3838
6821 5107
5788 6883
1458 3819
6886 1702
6580 3287
5673 3425
5597 2802
1384 5229
6893 4717
6074 891
1525 6525
6701 6841
942 937
3328 1173
741 2810
1826 7809
1543 1864
7253 391
1786 6991
4219 5039
6823 709
2204 835
644 5414
6255 7363
8023 3415
7576 1379
3184 3562
1222 1162
6206 5043
7122 6081
6434 7996
1587 7246
3302 7339
5417 428
6561 4587
3649 939
7809 622
3221 3048
3433 6931
4778 5666
4639 150
7855 6077
6611 4872
4899 4519
1107 418
5646 1109
3766 3294
94 6840
5093 7273
7194 8136
1787 1605
5080 5718
5156 4997
281 3685
7719 300
5573 163
4039 940
215 5614
4521 2925
5043 6024
124 2407
657 730
6135 5445
6330 5507
857 4063
2325 7121
5261 825
4593 1517
289 1725
7343 6344
5221 4386
5511 2965
420 6407
6503 3422
4052 475
2190 1168
7409 8112
5819 4280
2980 2429
6193 2243
6010 7767
5 105
2181 7142
8029 4320
5501 6524
5768 2239
3260 3788
7474 2852
6472 100
1143 7008
5071 6105
3919 452
3004 5731
2376 590
414 2504
728 1263
2735 2667
7846 5018
1955 5365
1461 906
5149 1668
2053 4450
483 1346
1792 375
7694 6753
1032 2045
4688 2723
2149 6164
6712 6090
622 4108
4075 7690
6073 7482
3494 721
4665 4404
6811 1849
6990 7457
3563 2144
7533 3087
6133 4155
4642 6823
2931 5677
3872 5147
6535 3149
1282 7087
1262 7744
7459 659
5967 7816
4579 8082
1000 4988
6064 5757
7864 5434
2810 3395
788 2939
5920 1664
5046 7625
6980 1133
2348 1030
1425 290
4936 1035
2286 6274
387 2926
2200 4772
2580 1095
5124 2399
939 675
428 7602
4960 4623
7465 5350
5539 7773
1073 264
3216 353
6447 6889
756 5290
2499 1679
2889 3877
5256 5172
6579 7073
5709 5279
6597 7351
2164 7821
5716 4561
3567 431
1188 1503
527 5502
7859 4076
3965 6769
3946 3787
222 4831
4840 4829
6857 6701
5405 713
1161 1745
2788 1042
554 7689
1658 3453
3502 4168
7057 7761
932 2707
4433 4933
6888 1783
1721 1848
1075 5712
6546 2878
3335 1918
7201 702
2273 7644
3932 6183
8018 6080
6047 6671
5703 2347
4583 6048
5738 306
2012 3036
1831 216
6190 7722
664 1789
1996 8072
6752 7775
5640 8029
7081 1380
5473 3298
7680 1121
4530 1261
3309 5720
7989 4250
617 64
4742 5022
5248 7711
4006 961
4386 6510
1232 56
7487 17
3206 3763
6251 4986
7618 6006
4715 6150
3001 6650
38 7657
3161 6283
3344 836
5150 7932
6016 6327
2839 719
2590 2688
4888 819
5078 504
1468 59
2808 4293
1861 561
2276 5580
5303 2263
3742 7340
7667 7624
4395 7856
6903 1927
8037 3544
8150 3230
552 1492
3232 6409
4793 5817
3456 192
5824 5861
4761 4161
7979 2164
4268 2711
3842 2938
5022 6898
2278 6133
7284 7356
7331 1950
5699 2139
2368 6557
3806 5045
1267 5901
3753 7929
7760 6975
5036 5892
2855 3264
2979 933
4139 4164
3960 4
6233 6676
750 6389
6830 5560
4588 3604
3379 1558
2833 4948
5636 6711
2948 7696
7732 3804
583 3975
5375 2831
7677 3159
764 7616
4366 7604
6183 1871
287 5692
3905 2641
3535 1224
4894 98
3143 6878
1145 6596
6037 5701
980 1831
2539 4252
4480 6882
7403 334
502 2722
3374 1610
7449 6043
519 6113
2414 434
7335 2821
4280 6156
7379 5552
213 5612
7609 7995
5981 2813
6916 3124
3721 4377
6651 5908
3116 3014
6965 632
6768 6415
1986 7060
2370 1365
2615 4002
5024 4810
6936 5166
1633 7276
662 547
3725 2286
5995 7451
2146 4306
4993 7556
6599 5807
5812 3759
2598 2375
2906 6990
7798 4312
7662 5589
2606 1091
379 1144
4913 3278
5392 3164
3209 5562
6432 2396
7839 3997
3027 7819
1240 1084
385 154
7638 4979
847 3504
5625 967
1343 7431
2649 4418
3746 3409
3383 5805
7383 465
6770 610
1951 1523
3520 3896
4635 1063
7393 3611
1805 3586
7945 2299
6499 6295
3824 6387
5026 7931
4633 4922
5060 5270
1890 222
7049 2306
4559 3118
1895 3455
5249 186
2694 7672
6109 7918
4477 2568
7838 3489
5783 3591
5667 5547
4465 3333
4171 810
3667 1714
491 4558
1120 7299
2438 6962
5430 7654
2998 3549
2194 4808
696 7881
2717 701
843 4657
6682 557
6477 7847
5384 7973
4333 2858
3613 4771
1273 847
6820 1211
6288 6468
7833 86
6685 7428
7123 5779
7072 7199
4843 1128
3571 4707
4110 4274
3722 5042
2751 4436
4025 1214
5487 3496
3677 1225
2038 6542
6338 7840
7300 454
2556 5721
7549 761
5456 2569
3461 5680
1258 3099
7377 3972
706 7158
5321 440
4811 5364
589 6653
4995 195
4034 7151
1860 7258
5845 2020
6103 120
3941 1928
4981 492
3110 1715
2543 4399
2526 65
3166 1756
5781 5755
7058 7778
1029 5811
4252 4500
7712 3990
2761 317
6274 8093
7375 2990
938 7213
6229 4662
1216 7647
7946 724
2863 1029
5686 8141
1593 2016
2450 8092
2676 6347
1546 7226
5406 4626
6876 5411
2379 1577
5169 4262
4106 7435
3217 5289
2905 4144
2718 8040
1416 7423
250 4318
4260 3109
1400 2332
7963 1058
1763 2202
5399 1897
2768 6226
445 7548
3071 4373
2666 80
4340 2781
2106 7105
4989 5988
4141 7005
7606 1915
1254 1511
1392 5672
7416 6432
759 4619
1142 4706
3994 3038
2525 4679
4713 6179
6401 762
6056 5087
337 5759
207 6106
5749 6053
5939 7132
4983 7746
3162 3573
646 2825
4227 3391
7672 3595
4600 3710
4084 4296
5585 6672
7602 7992
2731 3672
5076 285
1762 5398
316 1467
2524 4607
1322 2295
1009 6774
4815 1119
2613 7189
6281 2316
3421 1342
436 328
8105 4100
7820 7052
5895 7812
4984 1986
4177 1236
6168 7705
3748 5794
4527 1060
1775 2574
4391 1940
633 7210
2463 7936
2759 2130
5594 2231
5177 7909
959 2563
4472 2799
786 6231
834 8045
7587 3987
2654 2215
6458 3172
6996 5121
7373 3005
2304 3201
5380 1278
3182 991
6727 8098
1213 539
7682 1825
6334 1856
6036 3760
563 2060
2283 7877
7505 3106
2080 6352
7538 6026
7995 3242
2585 7875
284 2742
4877 4681
654 4775
386 7084
12 1447
5722 7930
2011 4020
5870 3884
5865 7304
7229 1817
6223 2655
1006 117
700 341
7771 7994
5975 4229
2995 7669
794 2006
4228 6244
3586 252
6457 1244
99 1510
3104 741
550 2186
2473 2714
7563 4118
5243 8049
4120 6603
219 1966
1379 189
1051 3376
5013 5857
1091 1812
929 7748
5352 3028
5524 6019
5918 7606
1132 2210
3671 800
6681 7937
8092 4332
6880 7201
8004 7523
3207 4652
7290 6465
835 688
2986 2932
4344 3345
2258 129
4543 5743
5874 2919
6122 2444
6878 4618
5896 569
7721 2101
6519 4475
2280 5798
405 4600
132 1506
4838 6172
2312 3494
3674 3272
7396 3045
804 676
6470 1704
575 3127
7410 5135
983 5740
4122 2674
940 6735
2532 4259
3177 4945
7402 964
389 1037
5056 7680
319 335
5330 1307
3465 993
1987 5519
3724 3359
7231 972
4376 2070
3069 1148
2402 4875
718 2798
5719 348
3972 3700
3908 7799
5860 5480
682 247
6378 3458
6126 4927
1856 6938
6548 197
7778 1003
3937 4792
2408 5593
7476 2104
3475 1072
1460 7956
6307 112
3503 4246
6118 8103
5546 7823
7454 6590
1574 287
6652 268
6614 4105
6736 5379
2973 2924
3415 4402
7322 2041
76 183
787 7590
233 4666
6082 1938
2013 6202
5566 338
3891 96
5068 6926
4342 4137
3554 595
8155 7214
7367 4421
264 2550
4627 1629
6931 2935
5828 7128
6633 7415
3359 1706
5685 7758
4878 324
454 629
6173 5883
6195 3323
6402 1542
8069 5532
2491 6759
2131 7613
5618 4935
4448 1805
2063 4256
5047 5052
499 811
4155 892
5550 4091
7372 7408
1505 4036
3934 339
1215 4840
4468 7685
1592 4749
4439 5880
5114 3566
7133 2488
131 5706
4602 8048
5040 4365
3074 1771
182 7267
2523 3829
2873 1209
139 7991
3286 6806
2285 5109
104 3971
6554 8001
6815 8108
2618 409
7165 5361
6973 1327
5560 3880
5674 8151
2917 965
5840 3856
1419 2507
3180 413
4626 4709
3630 1790
924 3233
1818 3142
8028 548
3341 1733
4085 5058
5770 5394
7976 3492
7826 6021
1284 607
1548 2793
2802 7140
4514 1731
4153 2972
5426 4097
5913 1455
6946 201
2714 1984
5855 1502
6945 6093
7947 2185
3975 7628
5521 3108
4030 6214
1926 7468
1408 103
716 4697
3641 2941
3118 2769
4317 282
411 4745
686 1662
3568 5341
7496 5567
6201 2031
3989 6098
4419 2269
7041 7062
5551 1314
3214 7662
809 393
7100 7763
4629 7578
5531 121
3193 26
4362 5287
266 577
7464 5923
3772 5617
1201 3486
2349 5679
1050 1002
5020 7581
2969 4026
3169 6995
6467 219
4697 803
3100 1889
6353 7977
3499 8105
5796 4339
7477 2204
790 7788
7298 1842
743 170
4508 7059
1309 8064
427 4333
6677 4760
666 4239
2201 7954
5587 2712
1289 5234
5197 989
2028 7636
4351 7637
5272 4477
2668 6778
1958 7484
7267 1767
7259 7308
2959 5303
4166 1862
6178 8088
4584 7516
4337 4297
4822 6517
5586 2539
4631 3071
6099 1491
5438 2021
500 953
2992 3717
6106 6064
1867 4499
3468 132
105 2598
6483 4737
6581 1879
7087 6907
1785 2400
6534 6628
5823 2576
2344 5886
6431 323
6441 6693
459 5281
3838 2219
4142 7675
2659 6560
663 149
861 3965
6954 6634
1916 3602
1163 6839
1286 4750
2601 4781
6186 5178
1537 7355
6907 3821
926 2897
3014 3101
2903 4592
3729 3207
4524 852
2546 6325
1015 4319
3767 4552
549 5872
5334 2277
4861 7549
4917 1527
2529 6928
628 147
4806 6699
5234 5123
4254 5808
6983 3169
5317 6479
1716 6813
1336 1945
7831 6292
4421 2630
5692 5400
7460 5310
6544 4062
8062 6756
2290 3367
2597 2109
3264 925
1979 7195
5680 7077
6020 3185
4546 5809
5414 7908
947 3907
5743 3150
2176 6240
7653 8026
7642 4053
2496 7479
2459 4595
7494 1152
4449 4937
3059 2521
7750 3175
7268 1993
7730 3704
7116 6561
3313 5320
2975 5852
4666 6602
4589 1635
4506 1316
737 347
6342 7416
7039 2447
1243 7598
1865 4183
5059 2580
1753 7137
1905 3525
2685 1782
1933 3445
4561 4645
2895 3107
6194 486
2636 7558
7769 4965
553 1778
3037 596
3585 3379
4434 1911
8049 93
4999 5255
7118 4471
6065 6562
6127 7536
6516 2090
6372 3674
4982 883
2474 2335
7440 6233
4077 1118
296 6850
1604 5374
3300 4317
2165 6027
4186 6665
3703 1348
5676 1785
3702 4665
5077 4542
2766 3301
3731 1614
7315 4982
9 66
7256 7296
2661 994
3544 1134
2569 7108
6751 102
4985 6655
1838 532
8008 4027
6333 5940
1039 1962
5004 667
4023 5919
8012 3061
451 6254
2336 2257
1112 6695
7949 2305
3639 2064
5766 3094
3754 1401
2009 2892
6769 3914
4996 669
6003 3892
6963 3719
5916 8126
2019 4639
6783 2845
3117 1053
5962 914
7713 7110
5442 6294
7404 5777
5314 3020
6358 531
3537 5479
75 7710
4199 7441
3523 7397
1234 2000
2266 158
7114 4309
6573 4901
2587 3269
3635 5243
3148 787
7847 1967
1835 7528
7926 5729
5931 3279
2191 5512
1682 2149
1572 408
325 2265
134 4744
531 3295
1927 1508
3450 3699
3620 7118
4710 7280
1013 1900
7060 7626
7556 1835
4213 1243
1155 283
8138 2229
4916 5465
1244 4443
2991 3244
4676 146
5140 3767
4200 4010
8109 7542
2710 821
3843 6737
670 5764
5867 4981
5309 6143
5890 5682
5453 6934
509 2255
2487 3148
6932 2680
6446 6913
4372 4085
8142 6416
2847 6206
1154 2593
6115 988
6484 6763
30 4490
3404 6225
3478 3605
7935 1250
7022 556
4379 7328
3569 1723
6957 604
5232 3419
1065 5336
6152 6844
921 677
1629 4954
5934 4522
177 7145
5963 7509
7059 3195
4797 6689
8132 551
4475 3010
1239 2025
300 1850
7567 5253
886 954
635 1787
8144 1824
1524 2439
4354 142
2256 3493
5561 6796
5863 5929
7026 478
6264 732
7705 5553
2018 5128
1713 2062
4554 5800
543 5825
5757 2146
5727 6094
7801 660
7369 5323
3751 6725
7601 4846
7901 3836
323 4989
6143 3720
4540 5195
2392 7313
6836 8080
6808 3097
6871 4780
4330 3026
311 6029
3394 7571
4235 3239
1318 1532
925 6169
4270 1405
6966 5600
3621 6398
3025 4245
7813 5618
7052 6523
4804 2234
723 2435
1457 2823
2868 6354
2778 1753
3664 530
1462 4267
8135 867
668 4444
6844 5426
3157 1762
4771 6599
1852 4648
3087 4606
8126 3730
4800 343
2928 975
2330 321
121 1559
3183 109
1878 5456
5827 4007
3125 4973
8096 6321
2926 6427
7282 5868
6325 1522
2096 2969
5007 860
6705 2201
3035 773
582 682
2488 6328
5408 2425
145 6639
7106 4999
5878 3887
3730 765
642 4356
2417 4716
4486 3322
112 7388
2356 497
2355 7979
7128 1446
6139 973
1266 2253
7344 6373
6140 1124
6777 2421
3525 4964
3995 4832
5165 3362
4724 1949
224 445
4908 889
5191 4335
7768 5667
1483 7900
4756 6257
7872 2660
4455 5810
3825 8013
945 5492
5415 3266
4671 1982
4286 6960
7529 1375
6855 87
5900 1624
493 4179
2449 3406
223 3321
2874 3228
4154 2747
3292 7218
1253 5801
3665 2811
67 7462
4764 1199
5137 70
4897 6582
3999 3653
2409 7419
6089 7481
1534 1048
6416 2165
4022 4132
1550 4059
3294 3283
6520 562
3378 714
1003 3886
2295 6563
2471 7729
1305 1553
2823 461
3167 5858
978 6410
1159 4272
189 6843
8115 7594
3451 5431
5301 8116
8146 7138
3057 2304
5382 772
6175 2503
7157 4352
3122 7770
7882 4822
5645 2106
5412 3853
4564 1340
7204 2611
2841 7099
6120 6987
7115 7632
7835 976
2456 8118
6224 7331
6514 4271
7056 7464
7107 536
5919 400
6796 5092
7836 6916
5885 6605
1622 3803
2552 5104
8040 5695
4585 446
3947 1587
6690 5965
679 3818
4582 6857
5844 5449
6069 234
2516 1709
3083 5210
471 3731
7900 7157
6866 7133
3988 4826
6508 5705
1636 6530
4159 4495
230 2018
1627 2418
4727 6297
4573 2
5454 7498
3377 1219
4087 3390
1011 5425
3020 7489
5157 7740
992 4879
7073 5131
3943 716
6729 8057
4148 4524
5846 3893
4117 979
969 52
3991 7749
782 3694
6160 7173
5179 4228
90 2612
1493 1923
2105 2247
972 4942
1784 3479
370 5840
6812 6039
317 2868
2135 5733
5014 1983
2373 2107
7869 311
2001 1914
6399 415
5422 7794
2288 760
681 3515
5810 7667
8141 1403
2533 3034
253 3131
8156 3465
1917 389
6643 919
4245 5224
828 5246
3000 2984
5057 7293
6296 3638
2934 830
3265 641
3530 3547
8072 6218
2375 4944
2029 2817
1642 7545
7851 4441
6645 5263
5315 6275
3351 5689
7088 1513
2862 6537
7048 3176
6116 1098
3194 4284
5925 2287
278 1804
267 1323
4309 1899
2042 7666
712 7829
5281 4397
4675 3523
410 2618
1729 2278
2299 1931
3796 2034
6236 7420
2118 6371
2051 5084
1118 1086
4651 4893
6493 2105
1718 3727
220 1695
28 619
1616 3581
4649 7743
625 4484
922 7148
7252 4624
2796 6016
831 4295
3079 3460
4198 5664
3203 307
4284 7080
3228 7907
5062 7734
6394 7175
7221 2650
3329 4412
7562 4114
5873 4107
6993 4855
6758 3784
3348 4367
5706 2280
5296 6656
3622 3551
2319 2088
3058 1939
6621 2448
2898 7038
4895 3339
1623 3724
378 4617
5653 1736
6419 7395
998 3655
70 1459
830 5856
6374 1059
1002 1248
5647 5907
3596 3488
2178 3753
7358 7090
2404 6477
7933 4098
2804 8054
599 1207
3489 1344
1844 2784
7903 6623
5630 2565
3498 4159
561 4834
1585 4748
4447 1262
6189 3553
4864 4401
934 7054
3542 959
901 2809
1129 3284
1735 7567
1545 6575
1910 1012
6298 664
4693 4478
4759 2887
989 6641
5953 7557
3948 6686
5251 1622
29 3860
5571 3518
1484 1815
381 8018
5534 2779
7441 1601
6735 4738
6269 3979
7200 6437
7758 2738
4621 2756
1007 3062
6920 1089
4158 2233
3287 7318
5905 218
4870 3141
4375 7162
2354 1676
815 8056
1542 1941
3231 7337
7893 1333
1307 4487
5697 7491
1887 689
729 6766
6261 1076
7759 4849
2209 7851
3135 4774
6210 5000
1054 2373
7162 2585
7418 6025
1496 7869
1123 5631
6476 4978
7692 2614
6428 2875
6558 3756
7711 6170
143 4805
2820 6829
3576 5859
7156 1330
5821 698
5675 718
2704 3347
7632 770
1804 2946
4658 4695
4291 2480
768 3609
578 4123
7312 1432
708 649
4776 3151
6657 9
217 3078
5182 1454
2423 62
6972 2259
116 2009
151 5102
2684 5005
4903 5238
5488 6659
1226 7962
4768 7471
6998 1478
6134 3761
3645 7385
5923 2191
1399 6827
6837 2382
2891 7508
1211 4219
1673 7677
1744 7070
5143 3049
4264 6669
2900 527
7193 7826
5799 7019
660 2886
2952 735
2647 4582
4482 7959
5914 3363
6315 3716
5615 6863
4389 1028
1670 8109
4168 4363
2544 6051
7498 5702
1965 7635
2813 1292
7716 6945
4453 133
4495 5466
4036 3114
6623 2870
6395 5910
88 2846
4846 3772
5948 4254
1018 7835
7131 7507
6203 2571
7192 6280
2237 5746
3869 3434
2435 8150
1359 5015
7337 1039
3509 8033
1092 1826
8017 4616
2842 1772
5877 2454
2689 7349
7439 7154
6572 2721
2850 7223
5767 1543
280 1677
1731 6963
6465 5766
7105 6404
4526 7940
3578 829
7421 3702
3900 5594
4443 2661
2831 4730
331 2859
7271 6192
3880 5369
5146 4337
1195 5812
6276 2241
4206 2180
3425 4115
4113 1258
6786 2901
8133 4240
1630 1184
3469 7414
6602 1951
1133 7576
7342 1311
562 2348
7817 2629
4867 6633
6212 3659
3615 7000
4414 2755
7652 1055
5085 4264
6078 1609
6979 2365
6426 7357
2361 5703
923 6937
4979 2974
6153 3625
5383 4071
2588 178
1514 53
1086 4685
7219 7927
3208 2841
918 7928
4774 1537
5158 2890
4723 3852
2484 7380
5016 1493
6838 6125
5771 3863
5775 5704
6969 4891
7020 6424
3587 4358
3099 5245
6877 19
5147 528
5973 1170
2627 4874
3293 5879
5058 3910
5092 6191
6798 4372
5323 5889
5808 4440
6385 1705
631 6319
6464 6246
5102 5697
4837 7650
382 5686
2447 1158
6191 3265
8098 7445
3407 7975
7599 1205
1680 2156
2465 2415
6331 4725
5746 2996
688 7461
6743 758
4987 1786
1841 7106
2045 7700
6177 6380
4683 2302
572 6788
659 1013
4308 4984
5957 2949
7417 2979
2255 2553
3388 1987
2387 921
4187 482
8015 2803
5717 6892
684 2708
5441 3125
7793 3929
6567 4395
6778 6138
3556 542
5420 5165
7902 8015
4529 7193
3 3537
1522 2089
4744 6807
4773 4908
904 2058
3846 3162
1961 7955
3371 6607
2448 4916
908 4881
2132 2078
23 6742
7572 5053
3929 6961
2371 7586
2635 2262
407 4037
7000 2426
7472 3358
7871 2703
950 1085
4169 1175
2062 7607
6775 672
7927 1147
5322 6267
4821 5041
2257 948
4810 2616
7739 6865
4303 2933
4712 978
4777 3801
1200 6673
8071 1402
5644 1852
321 4678
7671 591
3633 4741
310 4560
1754 6810
5881 7270
4481 2384
6277 3182
2073 6009
1078 3608
162 5326
412 7346
6588 603
4647 3472
1589 3502
4523 6790
2932 592
6452 342
7121 685
4685 8069
3346 5833
5033 7540
958 5928
3768 387
3949 6996
7103 7079
4289 1652
4323 802
7489 5007
1533 157
6387 2961
5257 7212
6007 5625
2881 1458
4552 7841
3430 7912
1470 2783
5979 2288
4661 1075
3243 2354
3022 1910
3644 6230
545 7459
7514 3998
490 7245
5999 3076
49 6248
413 1663
7491 4811
7183 5976
1443 4603
5872 7901
7845 2432
6884 587
3511 7200
6620 2602
4835 3701
7407 3276
39 1683
474 1174
247 5753
40 2763
5687 7401
3859 4790
8125 1450
4885 1179
3008 868
1361 4040
1502 1720
4852 932
4684 5153
5533 6310
5649 7791
5280 4580
7756 4856
7239 350
1855 6923
3114 7301
770 1691
5904 7390
2594 3222
7818 2430
4704 4030
8020 552
4091 1673
101 2123
4906 5211
6375 4703
3695 1603
5732 6630
2639 4186
752 4391
4090 513
579 4017
4938 6459
286 3304
5797 4029
140 371
5042 7970
3321 6941
7216 1891
345 5305
4977 3296
5613 2386
399 2687
1686 7702
5361 2489
352 5691
2870 1279
5235 3911
3922 7396
3009 4569
7754 6452
4302 5451
3412 1505
5463 8140
3201 5668
6986 3545
5464 4573
1832 4224
1918 6833
4267 4655
2162 1419
1377 2003
7075 1593
5271 1387
2301 7477
6745 2654
4450 6891
5236 4696
3046 637
3977 3132
7463 1479
902 4575
6009 7599
1474 7041
5069 1793
2922 460
658 5180
128 945
7704 7020
4440 4169
565 7366
416 6109
3657 2024
5100 4864
2604 5256
2211 8083
7429 3904
170 3481
8065 7085
486 7518
2068 6207
7668 4601
7527 998
4217 5860
4374 1444
3733 3047
844 7923
3210 578
3204 1616
1609 5179
673 5242
1653 1991
1128 6629
4212 2977
5202 1374
2600 6216
6280 6161
3370 2011
3282 4056
2967 1576
1256 355
2638 957
1080 7755
6943 6237
4844 266
1799 822
3892 6541
4405 6744
5657 5606
7274 2389
5755 4971
1311 1800
1293 3365
1597 6149
3720 2978
6283 4342
948 4897
6199 5874
1657 4525
4380 894
6150 3521
6551 6014
2872 4593
5244 6801
1381 4483
2195 1806
4476 2017
364 2958
4479 5592
3349 4539
3962 5941
7657 4205
846 3922
6494 4584
7537 1364
1846 5215
1344 7760
135 6023
4580 1685
1764 6576
1291 5508
6835 3560
3711 942
6322 6852
6436 7342
7894 3407
424 5473
487 5203
5053 626
6144 1433
2254 3360
6130 7064
1914 6548
6141 2437
2703 7040
3603 1247
7951 2179
1490 1356
6719 4589
7169 6540
3041 820
2352 6584
604 7825
2987 2431
7237 4361
1950 6598
6584 7727
4279 1473
6556 2464
55 7808
2206 5407
3441 2120
7215 1779
618 2816
3958 362
7536 2848
2104 4535
6610 3113
3490 8097
7639 5089
530 523
4322 2341
1164 6356
1251 4728
1882 6445
4959 6555
1270 3675
3045 3905
1776 4551
8054 4064
6008 2039
2309 4556
1426 81
307 6885
1045 5558
2828 5222
6746 833
7614 5513
187 1770
813 3268
6345 2274
5494 5665
171 4024
8064 2319
3002 7534
5262 2789
4294 2071
2576 1716
2230 6755
2565 4850
7684 6867
818 6940
7040 6030
7161 4041
7230 1286
373 6401
397 7467
5396 1488
2878 3624
1069 7425
5737 7043
5527 3006
1279 3042
255 1596
3124 5551
3152 7843
3734 738
814 5554
7163 840
6543 2911
6600 6037
4474 1496
137 3286
6165 2324
3024 739
4620 2443
1411 7922
6158 3075
7095 2008
5308 931
779 1645
1947 1470
3930 214
4954 4106
2320 340
7391 3557
108 6741
7828 6983
5210 6264
3836 2481
1993 2604
7816 726
1005 1557
5181 5846
5388 4285
4826 6010
5194 466
1020 6900
7385 2337
6707 3091
7762 4980
5401 4406
6625 6079
2852 7728
5714 6906
7940 3408
2137 2178
7860 3642
444 611
5082 3883
4694 1463
1513 7802
2270 1107
5509 7759
6454 7417
2158 1295
4915 6376
906 4883
7611 346
1463 2345
6316 7783
1824 5355
2271 1530
2308 5415
7359 733
2138 3809
456 3104
6992 2273
7054 7485
3336 2198
1042 4119
919 3261
4326 2765
3682 7211
1701 3529
4197 824
1340 3707
8066 6690
5985 5549
5990 6579
732 4011
3481 4288
3619 6685
2550 7027
1748 233
3781 6498
7012 2410
6827 5019
440 8148
7879 3328
7896 7152
2512 7699
7475 8132
6119 3745
5480 7197
5136 2737
4202 3744
1508 1092
468 4878
4795 670
4576 4214
5765 6313
4929 2069
446 6864
2782 4612
1304 7593
823 1483
465 90
3706 5830
4438 7803
4441 7474
962 6854
2275 7757
5339 3734
1576 3267
6260 871
3229 2293
4968 4966
4558 2113
6282 7765
690 5475
1953 3083
1456 7202
3727 786
5153 1464
2658 6835
7251 6929
1755 6309
7962 6481
6504 7003
4427 4390
2722 2325
4562 1246
2338 4225
1561 4591
1246 5143
2241 1689
7804 4689
159 3211
141 54
7243 1627
8042 1031
2467 4163
6249 3251
6067 3785
5001 6847
1946 5540
3786 74
7345 7159
7777 1018
7273 605
6781 5004
5351 6723
4489 5017
5758 3693
6481 388
48 1989
3405 4543
1656 7723
4012 5650
4544 7013
2631 7944
6697 3138
3787 3249
4086 1151
7244 2560
2166 4827
4066 3174
1169 5151
4762 1377
5510 260
4392 4568
6794 6539
2534 6185
1719 2590
333 5792
3813 5010
4224 6405
3280 602
674 2380
4033 3191
7508 2880
3770 5237
7590 2232
3154 3900
7842 5774
3662 2855
6033 2076
1676 5446
7517 2656
984 7011
186 6276
4355 4687
5869 7524
7082 7042
3776 7373
6587 728
3295 5219
5906 6198
4096 3848
5432 7555
5291 322
4994 5430
2281 3050
2656 7617
6654 1623
5184 7577
5822 6411
1207 330
2267 6551
343 6223
7640 7839
96 1802
1885 984
6102 7422
293 936
801 6942
5356 318
3986 3957
4748 5933
5305 5124
8153 4773
206 8008
4298 6385
3276 6348
6799 8063
3337 5876
3408 5171
6595 601
1403 5793
4555 3495
7501 4913
1697 5099
2836 7780
2112 8014
1300 6534
1355 864
993 4757
5582 7787
5628 7021
5750 2534
5708 686
7524 5762
1652 7319
592 7883
6211 818
4900 257
5039 5741
4146 2740
7413 3079
6802 1355
5841 38
1404 7547
6071 6687
4698 2030
5295 7378
6839 8002
4898 6503
1292 5065
3398 6403
7552 1341
8103 3916
5622 3098
5596 5295
2725 7611
3902 2702
7240 37
3841 6436
5707 4541
4813 653
6813 3478
1992 3617
5377 4195
7953 1410
1094 6253
7034 6121
1030 2220
302 8042
1497 3180
1156 5299
7316 7281
4890 3824
5704 1054
7371 6513
4167 3919
2537 981
5398 5855
5986 373
603 4527
4301 5105
7564 5159
3618 1952
1235 3831
2784 799
435 5727
3391 708
685 2228
744 125
6209 5630
2443 1274
180 5404
4783 6162
6647 2307
8117 5986
3659 361
6860 2719
2700 2461
859 2412
833 4073
3510 5578
2818 699
6939 7147
1172 6194
4747 3657
5554 801
4721 2971
6006 3622
6949 7341
7036 7094
2216 5235
2732 6936
4082 6061
7199 3594
7542 4184
2422 168
2227 5543
4969 3032
1788 5009
56 3193
3915 4718
7467 5141
7504 4232
2793 579
2764 6674
3643 1167
2849 6324
4261 3245
1872 7989
5535 506
981 395
6547 7714
3749 4925
209 4324
7424 1006
7644 3630
5242 5644
8112 4801
2478 5175
3547 5758
6530 8007
3128 6722
1549 5390
3179 2344
5839 6970
5927 3909
2612 2914
1813 3039
2817 3603
5879 902
1349 6965
93 1971
2391 2342
2003 5111
2885 6426
2865 525
5363 2976
7209 7025
2121 4585
3235 245
629 7449
5724 3795
7347 6245
7126 1575
6196 2079
6297 720
821 2460
6952 246
7519 704
380 1283
1870 4929
6789 5796
1001 2028
3123 878
6841 7531
363 5538
2996 5333
5764 2487
1761 7244
6469 2544
822 1632
1153 1574
294 7537
3784 575
3559 5912
6063 4653
5956 4729
312 1334
3966 3528
181 1210
2434 1549
4234 6798
3590 4554
1356 8006
1220 1997
3171 6976
1957 3385
3233 510
873 1251
1643 2141
5875 1172
6091 2595
7773 7984
974 4315
1648 628
3172 5356
3705 7071
6326 46
4674 6825
7697 4469
4048 2394
5294 1216
4216 1763
6565 2581
7017 4715
4115 2350
3131 1265
1064 3400
1976 6604
5729 5227
2268 8154
5358 3438
4060 2199
1465 4187
1319 7327
3311 6054
2599 1953
6790 5736
3712 3737
6673 7180
957 4292
5572 2282
1148 5418
675 7046
5340 1698
3632 2587
7916 1159
2531 4894
1100 137
4574 4532
4755 3631
2699 4815
7693 489
7211 5734
7553 707
7718 4243
7755 3135
5570 7190
2445 3715
854 5294
7906 5429
3957 3807
160 2133
3140 695
4787 208
6278 4411
2030 2266
6922 2320
7435 2061
6574 210
5277 3371
8082 164
2683 1471
2938 6501
946 3432
3565 7367
4702 4869
5117 7452
4522 1297
1617 6532
6937 873
3710 4044
6088 1584
6753 4282
6536 467
4548 273
4371 5531
3548 2668
4147 8000
7427 1435
7748 4691
7005 6506
1299 563
3102 4236
7990 4690
3628 3536
6478 7413
4013 1672
5253 674
7320 1561
8129 5447
6590 1633
1436 2056
2000 320
5544 4812
2856 261
6213 8131
7370 7543
3551 7024
2124 6008
3333 4344
2235 630
6887 5894
766 357
3803 2143
3692 640
8031 4211
4324 1185
7051 3516
6658 7730
1973 2010
324 3442
707 382
1272 897
2968 4176
5098 7782
2570 974
7187 6577
3968 3695
4364 594
7500 3615
6192 1015
46 4357
7324 2012
994 857
6156 5191
4956 4323
1705 7564
5911 6299
3961 5948
6978 367
1889 4861
355 3177
2142 1233
3562 2207
1691 141
5373 4204
1752 5307
7703 3570
4497 3428
6364 396
7257 4025
6157 3709
3669 2187
6507 7511
2801 4610
1516 1345
2935 1908
6105 7836
6197 5895
6466 1201
7856 3088
2177 1349
126 4735
4127 5573
3855 2693
92 5428
5427 71
1608 8137
1334 2035
689 6877
3992 1975
8000 1851
3397 4455
2223 2197
3165 5760
172 7698
4462 775
4966 3890
2937 2327
2292 3252
4361 3636
6042 8095
3852 6166
7493 3596
5096 5806
1759 7407
2882 1628
3690 1865
6721 4269
4456 4936
6002 6754
7250 5417
347 2082
7353 3619
2421 1620
995 169
2765 6848
3661 4985
4728 3080
626 7642
3658 3696
6273 3555
2728 4325
2864 1564
348 5609
6898 2196
3981 7174
6740 6855
1431 2582
6994 4613
3291 4263
3466 3755
1260 5992
4928 5752
4184 5317
136 1106
7731 6712
3151 774
877 706
6771 4786
2843 3073
7362 5115
5192 3647
4119 7890
2929 2103
4054 4742
1766 1376
74 780
2086 7502
8053 5816
5499 7798
7796 1484
1197 1500
5475 5987
2207 6129
1395 657
496 376
3091 5487
3935 2664
396 3532
5195 1163
2172 4287
6022 7291
1026 6684
6616 5321
6951 4674
4542 7418
6179 5371
7141 7845
6468 5871
4343 7724
4426 2002
438 1977
2716 7574
4880 3708
3389 2594
7047 2476
7328 6355
2734 6538
5173 244
7044 213
2651 2804
5215 6159
4944 6886
1499 1841
8100 7169
6497 3833
4690 8081
7509 5652
746 7185
2923 8165
3275 1154
1190 4303
1555 6421
5543 3579
7488 4934
8160 6862
4152 7585
3516 3960
1707 4668
8086 7693
7830 5402
2248 6727
5087 1803
2328 4180
513 6419
2061 1837
5005 3427
5188 6718
7155 4763
594 7229
4947 1613
4064 4992
4616 4857
803 5474
7557 5772
6021 3146
740 3184
6076 5455
2130 2962
3605 5378
4680 5829
4891 156
3428 5033
515 1277
432 198
5631 7412
2021 5981
1345 754
1371 2741
5564 2200
8119 7334
2832 5416
535 5598
2581 6499
841 1976
6147 4649
7010 2626
1170 3937
6908 5866
2693 5765
360 7641
4699 534
3314 4663
443 2981
655 1569
4271 5424
7998 910
869 4052
4858 2502
1632 262
188 2001
7516 3645
6086 3895
193 6740
3273 2905
2933 2709
4734 394
6910 2054
6510 1639
2677 4904
7649 2944
1179 3332
1528 1318
6361 7933
8131 4234
254 3802
3577 2701
5389 6595
6409 5285
301 3215
2643 3168
1596 379
290 7752
4111 6645
4388 2726
4460 4599
4551 2242
1685 3762
3623 3163
7490 581
3598 5382
4841 6958
3005 1326
2116 7371
2072 635
2076 2818
1378 6616
7495 5024
7436 1080
6918 5717
7974 1177
1297 736
8130 2114
8021 7916
7774 7998
239 6721
5850 678
2990 3225
1167 6765
3950 7354
1814 6638
2081 5590
6766 5040
7565 449
4603 3533
7172 3254
5723 173
601 2428
567 5328
6537 3440
7708 5828
3460 7321
5789 2053
341 1317
4973 3226
5592 1744
584 6302
510 2520
1624 4023
3158 6199
5205 6013
4975 1245
7629 6569
7414 2605
3367 7045
5390 3092
5858 5006
1350 3394
1429 987
4577 6204
3666 7945
6832 7838
7636 453
5367 113
720 5715
4851 2960
3792 2264
5559 4321
1611 4086
6976 5028
4283 4045
6108 5641
3090 6332
1017 1840
7569 4329
7357 6781
2302 2379
78 6261
6515 4311
1390 3618
7910 6601
1694 3962
3452 6522
7541 5570
2909 4951
6439 4453
4021 7880
3735 3773
6043 2147
1943 6287
3189 6896
3406 7004
2486 5622
7139 7344
5279 5176
32 617
2413 8028
7655 5561
4208 4508
5609 4557
811 5714
4415 1656
1915 4139
4854 8157
4648 5694
7715 4537
7470 5217
5129 2297
4413 6717
2589 7561
6921 2351
8134 2968
8106 1383
3103 1495
5161 3031
68 1195
1845 5319
4315 1129
4565 2458
6662 2558
7411 1373
1570 3183
3696 3796
5516 1268
1621 4921
5807 7048
2671 410
1374 3735
7218 4120
1280 7149
6258 7026
4494 4778
2161 429
1816 7370
6430 4248
5937 1078
7608 5168
5302 5296
6198 7112
2078 1554
2337 316
6443 7391
80 7170
5481 3531
2869 6971
2315 3835
620 119
7593 1904
3517 1438
1738 712
1607 2964
6131 6263
4063 5565
3330 1477
2107 2301
5038 4472
5154 7404
6868 4793
3403 4196
4701 2296
4980 700
6627 5778
4790 2895
457 44
7853 3643
7125 4837
4121 6270
2835 796
41 7375
1699 5471
5989 6830
4933 3823
2707 425
1904 5985
5052 1103
2173 6442
988 1792
7802 7609
5537 5500
3444 7919
44 1955
7138 5587
7307 4660
1565 627
7850 272
8032 2695
4 5393
3279 4658
5163 2290
1104 1064
3262 263
4304 6211
5700 4330
4939 2218
4912 926
1135 3467
1539 5932
5725 1954
4417 7241
3435 1235
2541 3089
7355 184
2925 7377
884 5262
5712 2646
4209 4863
2327 543
5834 7878
4876 114
2460 794
5241 107
4292 4667
4788 1137
4556 2835
492 4068
4964 1181
1520 3714
1351 511
3147 6831
2876 1760
7568 1293
2511 217
2646 2468
7132 7619
4662 1687
1175 3277
6482 4300
4305 4931
1695 1070
6923 1518
1720 6320
643 4646
1082 5847
3375 841
5274 5078
5228 3598
4459 5067
5894 4413
1934 5284
7380 7437
6576 7792
1535 8017
7158 4845
4194 6476
7437 7873
1802 4952
7217 7684
3778 2589
2100 4117
5960 7012
2403 3805
3181 4941
5252 1796
4866 2358
4001 1331
2901 1440
338 5730
820 5188
5287 866
3602 6383
5273 612
3853 6800
449 5534
4520 2313
4824 5993
2769 1101
4174 3558
2548 5325
4488 7460
2786 6884
7174 6234
3505 3822
4017 823
2401 2057
7911 1822
4892 3954
4457 7754
2095 2942
4126 2163
5541 5216
532 2588
3566 78
2381 6260
1605 5605
748 4520
3036 4226
4132 27
1689 1765
6410 1547
556 356
1560 3029
4922 3771
5752 2453
5928 4376
6791 1916
1228 1482
498 6277
6041 223
6214 507
6501 1863
3747 4523
6060 1308
6606 3102
1575 2074
7772 4173
122 3430
238 4067
5366 8078
2433 4012
7076 349
2151 2988
5462 2514
2014 4608
5213 2267
7420 6116
2578 7589
3810 7892
377 1711
5485 2161
3119 4736
5051 6777
6901 4165
4128 7683
4233 6652
7112 6946
8013 1090
4089 5687
975 3437
7938 4638
3921 1853
2446 8122
7548 791
5413 4514
4918 2256
3738 6305
1466 4231
2372 2173
7318 294
3974 8060
7958 1964
1634 7103
6018 2931
4509 7551
2775 2505
3546 7721
463 2853
5604 6478
6136 5345
5866 6568
2291 834
3875 2617
5517 2367
4029 5498
6125 7615
1674 8085
7786 2484
842 2862
3080 5657
5600 3068
5418 4900
537 5064
4118 1994
2960 6392
1509 4381
6313 4099
4074 4909
4860 4576
2614 7075
2346 3501
816 3110
6607 4079
6989 859
632 6967
4336 737
1863 6308
1478 2440
2762 4710
903 3842
2771 8161
3051 5943
4741 4191
850 797
3549 392
3775 2336
3616 3349
4189 130
2055 5275
7226 1855
165 6519
5800 6453
2094 2805
1066 1819
3029 1935
2282 4049
2888 5112
5864 1565
3676 5951
1455 1249
5593 5437
3604 6751
6222 7405
4255 1452
6897 5744
6726 6314
2797 191
1693 6553
4726 3748
544 7323
7093 480
149 600
1186 2387
7776 3386
3234 2240
627 7134
8158 4253
4332 6430
2742 7237
529 2872
2567 7505
4369 5501
2218 3470
4160 6326
4601 8146
7766 5240
6348 6703
2866 6792
10 4627
4893 3885
3609 8024
2507 1411
3864 2658
8114 3917
5498 509
4151 399
7670 5197
3155 1378
5365 980
1221 6643
694 3490
7832 5083
7032 876
2628 7023
4241 3924
5624 4452
5469 3974
4886 6386
7446 2404
6997 4962
5556 5048
2316 1077
3434 1526
4537 7153
5548 1556
1438 3155
5304 6088
4765 4310
1321 4515
6486 6205
1295 7306
952 1579
475 3247
110 6572
4700 3986
3199 3868
4043 2026
1096 4081
5037 1087
5669 3984
4222 2844
4423 879
1130 1821
879 4438
2110 844
8104 308
1823 1025
2398 4651
5790 2472
2103 3968
3112 6743
5506 1807
3550 1259
3137 7274
1637 5306
6953 8076
1571 6063
4070 6747
22 5763
1422 5409
5288 4396
5275 3060
3889 6212
3047 2100
6522 4087
6539 242
276 6611
5772 6229
5522 3678
473 4088
203 6493
6352 4970
2323 2753
1939 7627
6704 4976
7659 3522
6475 6495
111 5149
1333 6678
6639 4889
656 8074
5245 4417
6317 5057
526 1393
7286 7844
6725 5838
4470 2622
7074 6362
915 1239
4515 5073
15 7917
630 5568
6230 7610
4613 7222
7412 2451
6271 15
6054 5457
7422 51
3606 2915
2117 1611
2605 576
6763 7114
819 5463
1077 1980
1842 1026
1097 4903
5739 564
1327 5787
146 6489
2915 742
4223 1272
6257 3483
3597 3043
5899 7365
275 3393
291 1998
546 7891
8159 6977
6453 6728
796 6903
2128 2370
83 1164
6034 5250
8045 693
3501 7980
5411 7325
4346 1963
3580 6786
6166 1708
5884 4642
8075 570
911 6418
2224 4586
153 5343
4101 4865
7915 2527
7152 3932
1448 3946
7090 447
4275 6071
4619 2329
7996 5623
1376 986
6266 5619
2645 1654
5949 5380
667 6514
1956 2125
961 436
2825 2516
7168 6046
6703 3742
3223 202
1515 2508
2262 2181
4253 1588
1660 7656
935 658
2367 5232
4485 7579
429 3565
3304 3220
8101 3343
6578 3995
7985 7275
6532 3865
3076 4758
7277 2490
6171 694
7212 6802
7554 4313
3318 3382
6287 326
4008 8031
5786 7958
5909 1690
6696 4783
4731 4427
1510 813
742 4688
1105 4157
7024 6044
6754 7533
7925 7017
6528 3275
638 165
580 463
179 3662
4098 2546
2730 3912
956 4462
3422 744
5656 7078
4679 2572
1650 2401
5971 6284
7633 2479
3159 566
7366 424
1454 705
6892 7454
3952 6520
5300 7311
1137 1390
7079 1203
758 3711
4948 2827
6889 3053
3913 6001
3684 7707
1025 3985
7269 5854
1353 4378
4718 477
3477 4131
2250 4590
62 8053
875 1291
6779 3981
369 468
4692 997
1874 6480
268 7868
4359 6858
6413 2657
7314 4876
6243 151
5268 1979
4792 7592
4059 4932
5641 5636
3817 6826
7480 2684
5777 1371
1796 4898
5347 2402
7844 4019
1912 538
2640 5913
7235 5495
6881 127
2632 5968
7637 4403
419 4776
2033 1808
3928 6644
1375 7800
7043 3217
6094 3511
5886 7240
7083 1929
6245 220
2702 4712
2829 5769
7094 1257
2185 1583
2927 22
6538 6201
210 5120
889 5521
3418 4474
7319 1413
7827 2530
5943 4290
3741 6880
7363 1112
4531 944
3089 6954
1708 3257
2440 2671
4018 7494
885 6636
4367 1353
3821 6366
4458 517
2760 4598
77 7520
6694 5266
2942 1534
1255 1970
489 289
6596 3229
6250 7739
4696 20
7861 2620
6853 4345
2756 6875
3713 784
4038 5236
5172 3280
3807 2951
4624 1870
5809 1764
6589 8110
7149 5368
1206 2272
587 2936
6496 5228
6205 5383
4065 8071
5519 1475
8136 5950
5945 2608
73 6964
4295 4172
2743 2619
542 2564
7934 3718
155 1289
1342 7687
5425 6469
1557 520
5355 1260
7177 3572
7815 2908
2188 6190
5461 4509
734 152
7532 6160
6563 4134
1472 5842
2857 2830
4879 7640
1034 7527
4609 6682
5528 4496
8 7566
3866 2043
5950 4465
6915 7182
3251 7658
4055 4092
1851 5200
4092 4854
4882 5481
5134 6142
8001 7872
4595 7920
791 2743
7108 2903
8009 5550
7086 2417
3474 4993
4240 3299
6505 6360
6247 1724
3163 1202
3997 7410
7865 2250
2159 6785
4150 1067
4088 5676
3553 5520
5135 3074
3281 3988
4137 2485
6885 6290
5954 366
4512 1881
6792 4364
3760 4821
7843 6819
4634 6108
466 249
3944 2653
1418 6632
5938 2270
2358 35
7080 8163
7837 7863
4945 4998
4910 6724
5491 8044
1507 1001
1471 8070
3382 1242
3782 2918
415 2115
4670 2497
1997 7701
824 3179
5460 3817
1578 131
6619 7559
3906 4408
5580 4502
6667 2066
5226 5220
645 3977
5741 4918
7447 4014
6204 1788
5607 7053
909 298
5868 3381
5936 3378
4763 884
2263 3815
7340 2986
641 5818
1320 545
4510 2029
703 5413
6382 3661
2690 41
7654 5202
3773 2366
4358 3964
6383 4764
3640 6095
3654 6055
6738 3262
6415 1524
541 3855
5851 6591
3285 3293
7794 2642
1224 6239
569 8075
2386 3484
1639 3676
4614 1389
4356 5086
5852 558
6605 7252
2794 1712
303 6600
6663 2433
2026 3966
3144 6564
157 3765
1124 5795
4749 5936
5170 4162
4659 2625
5695 3123
2436 2343
4801 2459
7824 2567
461 1038
6188 1229
4182 4445
6809 2318
3156 2730
754 6049
3390 6372
4225 2131
2678 2353
4739 555
1331 6508
7288 8039
7746 4911
5006 1700
1871 7639
5591 143
7266 6869
2485 2670
7698 2013
390 6400
2082 3260
1780 5742
3225 7530
3274 7631
3634 4425
7547 485
2914 5258
4373 6060
8161 1357
4221 6893
4410 1752
2946 1846
3757 2509
704 4977
313 3669
5123 439
5175 1212
1373 7963
4015 3592
6339 36
1387 1040
6184 7165
2919 2033
7819 4257
2551 5716
1896 2084
5267 7250
570 2637
8034 4489
600 1442
3877 4784
7972 1640
3709 1602
4134 2557
4345 6122
2753 1834
1380 2004
5944 2994
522 2466
4911 7126
5547 2137
7679 969
7784 5931
6090 1791
4518 8041
7091 1740
3299 6265
2441 6817
1180 6210
71 4096
34 4521
1591 2822
2978 2216
2380 886
2680 734
168 7952
6526 5602
6306 7207
930 5661
5663 3027
5072 4727
4767 2970
2790 7117
3052 1437
3940 7967
120 7713
5502 4628
2114 4074
8157 5916
7350 6871
2363 3013
661 4298
7009 6003
7483 6592
5086 1729
6661 7392
2701 2917
6797 369
1277 848
6636 4895
3939 3623
1941 2524
6246 2891
3054 3850
3668 5448
470 7651
986 524
2623 1992
6845 4185
5635 1961
2035 2470
971 3103
2102 136
800 5548
8124 204
4454 4939
6863 1347
1106 6808
6151 7649
5264 6483
2739 2832
4708 6910
7027 7208
2143 4919
1231 5068
536 5504
2052 7122
7428 582
2382 7450
4394 5427
7812 3627
18 2659
6940 6702
676 1472
1173 4943
6366 5511
7988 6708
4941 6997
6480 2501
1703 7951
1908 3947
6318 256
6459 1883
3266 1737
593 2424
3480 1644
4136 5008
2574 817
3043 128
1114 1182
5826 6771
1858 5360
3763 6461
2193 7828
