1467 2
62854252 990600861
51943535 624430321
367217282 891963788
718030326 640380191
981839633 919135839
922058894 483477331
754019010 770799470
184671758 653662682
183458134 507452234
784841977 23375867
340996331 920913466
309482576 582527405
419151233 499316620
955310465 28041349
596837668 53496559
870493253 478323027
174712244 189337794
995625055 988826081
419125529 14535691
784590416 729408749
47179302 839775171
984862031 318926708
625856971 961343649
163819641 479480302
557020233 451768009
573329902 61453552
240447973 807087704
930505791 653418789
557083984 455358164
108752908 643512623
396204775 145412364
475162632 117647480
155691772 680194596
636068882 271203241
243400680 379751343
879035976 822266496
647132892 685561573
612436173 436815633
342561629 674890089
674907086 964785942
274917916 280415568
585870193 85636650
141326827 850236664
749587004 905623838
589864512 946259482
229638714 993239511
916486700 338201353
519617403 10901361
347651950 640178671
949475489 152549458
58480553 713464985
218160186 133891815
935189653 7186054
55312315 208425726
363983937 482244661
62574471 533444439
514528828 119547887
378813002 744959830
278014282 495402166
539531413 426521366
907921525 790432237
248573921 342158036
33396393 28927891
206759618 734718860
527924524 987714050
641111140 679943397
979322174 414430690
128260839 48120861
140782446 971697435
403227692 211726184
964715002 863708533
788214162 657296361
397083192 604880611
103594362 985805552
218311506 815629282
208378608 169821269
441744227 563693359
489565687 32952254
871600724 591925167
894864532 647877385
862520722 977776127
554512898 822774459
822091262 315980167
290494240 855121414
866780134 729741255
3976253 559265360
580249058 382660695
307334762 815083864
558055409 242396647
345080765 70078415
593747033 471224968
732069745 997789592
721833073 117733841
703236234 627680608
214788859 113634129
271464292 916443668
178472487 824440856
962257725 566952049
410104768 262864246
679804271 289505434
68860605 627367884
172661215 62191653
499441989 909326731
278789716 936434154
543388083 352553695
376316242 803631936
391314856 588044532
904358239 291543867
905945709 732324379
953602561 64531490
365128617 82180637
745970593 869149296
147024251 953317055
276058673 240847519
482255650 279728343
371274113 84464938
737765464 239123407
477904635 985433358
373884892 726716450
835599701 808997878
188615226 823623093
437710559 152357943
852547293 302972881
328207231 338200382
566726861 327163151
959350641 199756158
473325347 793687028
667381741 771634495
561966340 755430527
3715859 644836301
472506203 486393089
140460924 955418735
572973823 476694676
434141928 396603340
840423024 14309641
921678533 753910661
70225674 683387735
361107638 430370287
458073970 678692987
201092664 14898896
294415116 776248663
53771155 167479610
578236515 471010987
517476927 489743600
564688399 93846529
111120472 940861313
782158047 119310988
637305833 368885962
176747980 901035813
261190061 403019014
668995609 454922301
775851606 484414534
297778458 829658911
451140404 935559143
682588055 521022605
236123925 809679945
43570119 779267504
531846620 146222590
376627988 489764073
167534864 390725543
556351699 904456679
336866562 777368679
476181845 289064918
86763989 448393033
948219186 878106911
833345242 439562499
837300034 444434738
824484002 712990311
6675694 719766234
788185469 76651485
535521851 22204091
67289117 21333678
858016183 276893371
407424611 190335396
429552668 329489328
864567821 737702803
871932077 318029912
748282846 614873415
138904001 419015460
310974943 672401558
655596226 75479407
333540079 987978258
704170019 927179992
260514466 469123733
963902992 3135481
940478016 375908060
239451254 917950767
491392551 959559233
117417056 209951946
374357306 55801354
496530946 329648784
195549834 937977525
112393272 892908979
903159077 295832433
3370649 633081446
254029411 365894359
855481300 216494563
262473884 880009121
51473550 31523400
693950209 271587182
631314619 512608152
271045861 292636794
44589735 758612101
711732347 869701021
128395427 663687138
210898390 712326942
477380734 475291134
685466809 770217508
148479033 508950221
869551840 602544090
890631382 643855008
314233305 474807815
608834584 343191705
227866881 147130150
28527428 457657646
825883483 472102386
898615383 323807281
589275762 980115815
94135257 379339246
210990057 164762857
169014243 609220621
951572356 233712103
506048144 257864457
585292502 234437273
791840298 642900367
394621663 485067424
26086241 909719756
251075092 672512298
175763932 179483402
530173229 152625639
822473208 181265507
65486987 664214277
636640747 362802603
256872631 755713633
305985204 134673215
849599524 590861717
321624667 163852580
553182580 834829785
510551105 673218113
340043375 552032513
457794539 418323242
715526276 1870480
177722795 632180028
196762636 93448498
96308283 819974592
322735429 509726998
419703059 413189050
584946934 860940753
292248848 86150869
249513669 10965216
742752323 153899914
93916108 58912244
92835325 605385702
266153340 442253335
363139160 496774242
254869015 460373393
153763706 904056874
731833747 461689653
257390160 467413882
445417519 265084689
844188979 7469659
58917359 200675359
238342128 138616557
6889017 323285157
770357630 937311626
920564392 107779273
760758011 636466257
503047715 668211582
741014961 93009079
897375066 656944024
90265117 760019329
798931638 14005060
879284683 746342552
584482244 322693345
549467204 119735891
476236295 221560307
948759666 855559268
99612928 639832825
80023406 358983407
808162651 381196083
798282048 349639156
341664344 368562698
331678634 542893880
166013540 51331135
255599987 109082782
91295489 792391671
726868138 411145233
908478379 385612091
435194486 776959123
525989963 235836220
411115853 241755725
898922951 708530211
629699161 901840689
370791488 700160185
121024279 157975648
887284441 862583645
928825266 326011054
908312982 495236374
721778702 301456070
618050901 563096896
685387786 384660443
284453842 566076617
939991979 353087048
500878798 513677691
962210513 920617517
734961604 450978467
703096905 835677681
450772608 348560283
257866619 389969327
806460135 379052174
738051361 449149209
48831129 881826051
275119481 816903061
364333192 921102811
122179298 272440129
221071641 212497920
204267091 890378584
204465516 196765433
314924144 530610371
956679669 510258761
792573281 693923473
780140234 77029157
969980208 575535297
998187218 537589934
199568770 782684189
62972040 786473216
828998236 8367895
778104712 854648573
528978924 773213327
428058013 661698742
997871893 477278749
176822363 373321731
309394507 358251606
206345570 63538808
188852160 218277760
927173847 385339006
56407193 762177639
446061723 384768430
405077087 864744541
34488216 596607135
410140237 36151887
912752711 872044047
359472043 165127315
862034304 878682806
745014488 410540812
196625143 764141806
329465657 280050645
514323612 731747165
713029445 26078053
77761822 234816448
122291830 652430517
811146239 884593321
975735715 633117185
845914233 14264229
614098734 265880267
158280192 577846771
871273672 104298068
151263892 231719950
848189553 892568219
379296038 13132981
18884772 451182866
915039232 499724343
955883349 352235023
153965768 728013427
395799892 851596014
450346754 654507397
965415552 932097269
832568154 207668222
649607121 572548149
665956663 765341190
146088158 229410496
354785759 737473296
585594453 837652742
73367125 893608775
534791636 784093957
817122374 701196201
795293668 787110877
80456752 842524785
826369859 871346757
748921340 574852405
867748523 482580927
883906366 638020253
808924312 860698552
871808396 450718046
909824692 285344898
73743612 672721067
660278073 844351608
641742169 431078507
384965239 836575630
962982031 123707436
376451178 568024477
682048855 955985881
375136981 248220790
941058336 509713906
472984892 94103728
714632749 958963117
571735226 994230894
129980581 510555199
124760990 284995541
262271521 90145478
162253361 116947374
234661745 570189585
447539652 89357138
535420081 627569254
561484184 645756802
678163471 384258128
645919880 470925517
567699975 751092399
426863994 220589303
874802129 869721427
443651673 711202400
356155432 393360122
400457876 781093496
596587185 774494523
1235899 548062990
186616031 100456603
101057093 181122644
544624057 840534866
202237587 924200688
38643941 801547829
119200154 989580974
673978552 283464662
403937861 24647416
341111926 20464542
922001290 942792933
137196389 503591863
651971796 619945626
620504484 176938995
458760847 303230972
364139549 939209830
874352127 570620259
319330607 451942124
605404546 992731110
922924749 635152481
971508701 705513299
225959287 298179781
801894670 343560237
306622155 207144619
250195051 953122359
32961092 677700828
167859354 632905020
420986496 203843789
379982472 715317830
261078450 841828873
388891702 841714244
298180879 941153499
26607904 726469107
315182902 683107217
829067240 275323497
590726715 523465024
174249033 892317420
644177657 456410202
907841702 594345017
358610634 120932195
187819448 754505721
763587793 62698211
999902941 188323078
171595530 526680690
908249102 159539240
946161997 491251209
179077861 487228509
579508699 328509495
487831923 327344034
996446918 989253747
522047578 282480890
52913358 396283907
159217943 835951041
412593108 403510075
923622104 636990835
471377888 172110464
802667513 323715938
685602441 904704445
391567631 276963855
476076128 922712887
583686572 662647530
332943836 653943062
143149860 957615193
75490528 216150765
180284059 672393644
844831599 493270470
350458974 338146338
81467701 445888531
407737180 324349555
990351531 963642545
87295724 309372217
498368726 935325541
134242737 988295172
594314976 532700886
97402743 805590465
330120033 771070119
163070495 508121021
395206184 263498671
511975679 363035630
243975424 62265408
794548720 155920215
592318034 374042365
418630320 195170132
378936284 43656184
556504764 144866602
992684172 848810279
714044802 869208070
432226712 701643862
675238776 148222193
681437556 482381812
55276702 996055449
249147459 973848240
925756506 956273428
4098423 492238991
964924031 402456051
595071949 624370964
83827894 585651891
286347123 990130249
767775304 714288082
107546957 904181998
408860802 534879460
822199797 329609032
504881713 888039204
670925621 98034709
981951340 384885370
468833537 494274880
926508396 310489474
417937391 332417635
517859452 642720453
625235204 899357901
734829030 413141918
966746693 812601989
673456573 586241076
364755048 762833196
745174010 656930583
612472631 214478720
558081248 268848277
38556577 123906179
878856241 670111420
242929055 333137538
964350116 146139419
451120483 556455903
128772885 771945290
120531010 898217596
162089212 747794933
424126053 249499138
805468212 167684865
845111661 117902672
79732147 185196032
943013175 131517038
752823521 747022700
84995435 356060583
501461922 325313254
459085938 305099549
171343153 714892762
436260797 652993986
972265080 887764804
800561511 457910335
66055267 927695994
127961520 161680667
965179622 613882158
876007993 937118729
401917064 421409741
501297853 908444823
470743148 517364548
849796518 984765568
754115571 308555023
540144960 100093141
432501679 175053442
539405389 717154852
836733020 646333108
380624587 275657947
416730989 623524211
849837033 801425463
108982307 660292590
366112624 562114970
79732851 863328697
797780248 499793613
436873269 915797906
243236527 274900721
607796326 844763563
343853311 844184607
96700966 961931777
74983454 303361641
604218721 801647674
254905756 276144324
424702711 649691589
437111170 275271253
244252039 234185515
739113921 667419206
396807759 740882523
395403392 657697469
291173314 361422009
857848062 336955823
280949242 237546384
196208129 633005576
347275992 210253878
252974022 392860166
52666252 886241838
906662435 368125822
494683983 219543604
1576624 150545647
72961950 475946055
974455581 856265647
41110262 364055022
284225553 578118423
384705134 452894557
199191175 981744439
708369029 735167283
284649870 984279091
346562066 673013864
875353953 96216241
534556647 241999191
251115605 715207709
263442179 865200955
561823871 530961845
587617165 266034714
382690062 983609329
479965937 408805498
684887184 923165795
705121762 904872940
789490896 161483434
727256317 353647222
909012932 799366255
191536219 200648122
88304857 35513650
566288606 87139103
745178292 466606331
834097199 729722335
285730895 40620797
582261351 860127504
828257208 864194538
400632180 356617642
905039400 593592647
966958603 591703115
702302349 857736500
715224562 46588174
626900765 689907857
9158858 25422782
308118719 31121369
371662325 533950687
829965011 469249620
209451134 221392497
128039001 509237574
65764038 295485938
584024972 534446788
27880597 966058246
694515823 1969725
755535370 19904759
352085244 918816845
372695383 256380644
730160069 245877779
135811843 844016386
612719522 151374687
557561634 773565498
806591144 922723170
297032564 472326406
971913709 706311954
661861391 271156110
827272819 39475216
107363265 545911589
492071040 811442771
563238890 221521850
164053084 490278107
354114743 907754933
884932507 965824234
239532243 157493003
798352689 593512233
419259566 940710925
573141234 201867836
71436657 881340013
213728609 239938075
892051527 681944890
892007898 739245407
784376299 914706608
904433067 563414185
412963638 190051158
394186929 527582330
266328762 143121208
936036532 721643107
144308142 634843691
72649264 7136356
879387877 698702701
118670018 645781437
372639335 991279718
158850679 434662848
23171781 565613208
65723451 93494955
133587198 542486918
446686230 215600696
375057904 160926696
541537939 567832355
471374168 769599506
44469610 653817042
229475422 841766618
394969363 291349792
428723350 127991195
568014010 759823236
992028853 909585650
28772224 161366571
343320739 422875727
557946089 433494631
457554313 105896191
896299304 83309455
200175458 629771314
929416212 883658752
262735040 982898793
744326985 870427874
754127712 390233530
712393737 599106394
314421264 73145751
787221651 931778663
809589715 67607668
550560488 804745975
13386995 221517439
885606656 691866830
492028415 382851603
434851963 741734037
245001555 594492816
312647787 782414510
690457701 105428608
336700785 763327041
813678733 157782223
360499791 412894084
323325225 503400640
997520662 531273078
462815542 550471425
376296494 703537599
586414314 745137059
687173626 575072208
870326915 131726501
600848811 97823147
886167000 355314100
63580475 120524862
703504635 460065466
10049527 847340721
166995535 102763130
78631831 152252811
689242056 413763731
373288019 647945475
154307573 839016917
848851420 532666274
917203227 454440506
650647254 920093366
333340274 754056015
475193069 615729452
621566680 329717135
337763465 59117741
990897290 684256051
412787983 481773514
226513932 291557693
104584323 561431598
738978431 148191614
548203763 39493804
544071345 925358325
40983658 194293898
323939125 221573114
53500032 187676953
83123981 148582642
183929278 491650373
617591614 910248492
591876358 961754595
524724915 527928546
169794641 129943280
686701511 583150837
804051022 31671210
395254272 501363647
635185324 104551740
784754249 582345076
762412356 286438342
696576219 617648796
613055146 511011359
804061354 69004515
81120757 296066054
439634524 419278208
246322736 341733307
910766503 570280448
822642772 6660578
411967674 990658481
757187799 889399589
806909182 79181284
852407779 324249937
877514763 747791103
401543119 601124084
761627160 681169168
404032031 534167302
848813948 867082701
544266756 318003145
219632422 369485276
644567147 444920316
116457446 279943777
616271682 79235353
195545848 23348389
148233877 851115524
128605186 914875624
200739773 911720768
71999251 785534617
3326578 871611414
825461681 50520725
603744163 369118418
836939815 868636217
596725186 463502064
93243663 164343850
398165812 306943233
481759100 471143799
527169283 836440561
363151639 507992155
920283735 280461964
129036268 560644473
480501120 143548392
520508196 114861138
599830430 417194393
859225495 476064933
605702989 71821711
684754276 945492332
498502718 164773620
533495851 930817224
420908326 394196787
810062302 489139006
811768065 402033774
482650080 387504207
981591021 50939976
353484212 819755697
707561048 30982846
603184987 652003711
539233603 778118193
3663577 906251004
734132357 460427765
328421209 293593142
335232256 160676121
68167683 864643512
202474043 507632439
605501976 130872193
598943038 163831955
520111952 771800461
516918515 605846884
289627227 294624332
10568378 377685378
855462708 409650904
913473907 925223616
720572991 871248832
830049244 897325180
75002127 156078566
113672141 598284062
746562204 520350030
104920556 361141977
167465336 122632054
189723449 922554239
130058338 588826717
955502875 694393712
883778652 630766239
45899931 798417880
72345533 587894330
342513224 936931993
410158424 824982236
256765576 495128354
621713268 392830478
476118526 618586531
389817462 191777861
296448621 128038187
876903555 71869959
378358520 827529224
337125029 733199165
87936785 162760390
989296318 61090569
672840178 862863196
921877334 78250715
642188933 724645663
113383520 162366830
950480911 627781252
215132935 404722065
250105448 603208128
634008312 414360933
575769148 685637371
33523332 619881543
654723920 888328497
437064655 275049075
169163081 400086324
538405989 875734590
201131523 118677838
975369460 527308132
979676034 135524828
55206154 52183892
132446849 897871424
900305825 740936861
869410242 410366458
484732892 689638981
899710209 37041175
433244739 487711982
464363800 305987922
530146382 620137534
44273565 781444915
213224612 837839449
215079920 15003256
636607082 369579244
599607690 701035634
384533060 486593864
860903139 484738766
287149955 476548561
608840212 552877074
812240458 432782672
303991919 303184052
194967228 448546814
16258741 581690922
547673817 688801973
2654762 696203529
818745547 582884815
21929906 215093854
406154788 876275040
158590978 166018612
810248103 194515278
492193008 94480076
767195851 159441993
450525498 843753745
753187193 344893755
395594325 89968544
354169625 944422807
388293602 113327607
297557858 541260828
158218818 729047627
535852845 127080280
785203034 552779449
913434749 37875399
596096237 397091974
452095575 74161470
104837809 619091498
175009517 755732011
621908867 267072226
787219440 503419666
414390849 798651726
430600687 78583727
914031498 671491640
454212661 16890640
262978066 132149772
362417102 525537326
678380912 764101999
144639903 244303456
614390029 568617673
193760173 634687068
410779078 819295588
522552343 497078778
595168412 947525135
31601761 578475544
678389567 682860783
790234795 387536512
43418796 855040533
292019690 989000916
55123836 165708308
350105831 890502439
911951886 279495516
887035511 822819561
477225592 654355989
498997286 972980348
575804714 558027658
121605322 938777431
482731065 394929262
689959713 396687996
168112853 934222235
361795131 665446731
28963942 499200528
901726023 83566153
996483236 863810126
682836552 450823608
358451122 321331733
195460913 7975914
902072541 594800069
821330266 298146022
646640960 100821445
87814704 985904606
861942576 698669449
233887235 602099427
376748262 722119120
727298580 78080852
388028631 984218124
186960622 788275671
646204189 969678087
178367864 475659136
146081990 172531163
581725732 492826411
57393874 715411791
859824863 56724474
885262557 832027970
120593757 999540749
446810686 937099499
460886449 205692473
740145517 666115295
440549925 483781356
114997859 362193717
33517516 147256206
282829051 958300570
651184952 755791700
572025062 825390216
789163489 858578396
846199790 365217528
996461036 658322367
326960070 472286717
297423879 199101535
160504187 311560392
399457596 339365767
774722899 752681110
342068051 911104703
432768346 958244095
228535269 450021499
817385596 510017243
467743854 823055947
90465487 374169387
675209592 570163929
672018120 334228675
492470159 419432342
45032166 429910390
710638726 948804732
307165171 68067791
983701925 961526158
401247427 953990870
817294018 34561526
782304860 270925493
877442141 500708243
460720074 40709616
980315494 814650504
237246794 464831688
928850526 114984388
63485035 304607635
468254510 876626849
692749430 778540121
147190735 907404486
425365729 515059231
229349635 190520553
706237905 682996408
453773430 664543750
230653061 496800104
211715247 111708550
162434494 455737989
894886290 643911623
765957265 89696070
649454007 347305288
547753965 253864357
185932896 337074664
209447717 336040081
53682448 168633753
199303957 986692013
127317227 278988651
675382958 378576943
483120336 174115444
50700149 759025985
264846111 678074664
791843687 445909120
796589372 682555467
104994146 263311987
504825454 762817671
768705528 48619142
167341411 838480714
231809868 588163584
42490285 419658113
963035586 837638359
369668790 287502227
594373474 390237531
409749477 59140015
311472414 90257722
509760699 877097138
500083386 708982406
172424165 53222507
253352995 684378359
226741875 471499942
564813737 366029489
507327008 617897424
865532895 87116156
658897259 985934945
982517363 332437466
827865366 286997738
421020761 313764255
730911197 467227823
944450128 604773692
416179523 653489175
731399376 923027577
91506269 182207159
947360387 297268723
731068186 459131270
756958027 824652831
762294639 996653395
903508356 581242670
966680501 140434707
908633850 127780640
767896353 159145918
634081894 481800859
157160901 839561812
886192963 542539090
2306254 566885363
342564009 821982142
748284441 753137913
741843951 448278041
179621470 508290782
989055744 417760845
753240782 677026018
146412524 376487480
702554741 779271151
204752558 190828736
166657900 580513774
163471180 213665274
198345613 662683897
770675589 659781563
886287860 418894063
123942704 916501582
129338557 248684028
286614383 425844719
239250789 150916232
396457709 614416042
969411351 806247080
894947190 975975393
593436405 402949293
683881633 252077123
273503495 739775401
889379567 962474415
541202755 328956735
428765786 111424110
84562696 95251911
808562975 306171973
77850630 360934512
503510518 928050995
680081845 942619694
290067679 657221096
917405040 94503140
523858176 877566103
872038111 880627515
209142065 589167860
679253842 712885974
221173280 689833783
640599390 836901506
123531761 8062661
125367962 844978547
623836684 205727633
176285703 696030061
467975883 967400035
751088891 796616160
117475875 943596208
18840934 626267032
708014560 550016145
525282775 549221465
614184814 316677215
810861785 983529030
546601414 341925310
750030825 569539724
936495289 373934079
152702978 27567706
159932336 816227166
497919135 253081157
313434798 233819069
986974627 749451946
641234462 472571666
750581569 415944380
953141084 519057019
977821300 789523519
915659308 858604921
997219116 798780511
423590525 284729145
524425816 996970391
861858954 936560155
995644220 103976621
648956334 876009559
640319455 975640526
342472836 737592687
929659293 617759430
973340078 961064075
980728315 123313450
495228573 714682766
1727045 241791411
195685691 731758142
733461261 428948296
526528541 266544564
886930112 783730988
472673547 702168468
884680206 1473327
172709644 927640944
797110844 978331983
559979675 589135766
206453301 142538546
433961737 918818844
458863618 415744007
809558880 937099393
58264230 327336172
407977557 934667388
457563539 44197317
306533996 140101558
491049507 956541905
889534818 216501610
713761160 697997616
810913619 251264582
625970040 21902431
914697844 811847102
746245681 74396997
877393124 506067072
877759723 593550399
68769395 987587459
471571440 90557332
32218199 308911436
719537376 690084875
587557300 246401933
96967779 651561797
831124060 249819759
896096856 786752988
303278527 680218242
304737186 409132262
180424646 241554205
593045885 992919527
820756350 770417806
650798390 409238470
769924947 346384973
831807017 954682796
310129841 992111311
419743665 286108224
490360327 273060387
281320888 817860771
390541217 476701753
815131499 845881042
833498841 247331489
861468389 723460451
144965011 425034985
355403830 377755264
220692122 941566546
114932601 638707476
939447350 182412471
224833307 131797056
22454443 165063530
276005188 802600512
671103791 794142984
120481275 354307012
387746108 303901666
803645928 972710539
921157486 821330726
570562280 33113071
75218556 423439455
939367488 13897887
592638130 435140648
57993183 623115673
161634197 119533691
466947618 644263744
93005370 493306281
276859874 958380636
438756430 539703129
595107946 559367234
453109548 165036243
115496627 458450995
274269738 871196491
482076695 346483170
910549800 305990375
334608786 256099914
90374978 88367796
522464449 184020775
904139445 827799797
550400731 341759864
32558794 5585565
832445436 26274717
598849640 827222831
194890403 189026871
403542776 188478937
729484760 238278438
168572496 895374790
539245817 392400245
829874667 629945307
802945159 89247997
559309988 114217831
622869964 236120844
282036907 220047477
987398595 478566682
982625145 813197313
103754426 73309660
496184251 394424207
757060915 338828794
694943474 259047926
194690614 80641963
150600519 397043088
274822197 68836860
617815095 289393444
681121347 236373901
596709282 427237310
13631186 257577465
141689014 273082392
509732136 657131416
326526118 463176689
97421067 613702477
295669062 21586139
50384671 328277242
497778739 306795504
397170539 571276496
487526167 40813010
174778114 139951867
137989356 433262578
824932254 979968099
231563653 636565567
921946398 686716797
315246010 902158232
329352165 246573054
771932595 248213303
141631708 496519787
189423906 575112729
466461120 590096766
320883242 695024603
565200638 467669077
144686703 78344396
955994643 874205446
407385379 569971233
236217082 855848209
496521142 574246183
456529382 468091256
16708406 194690662
348408758 422068884
350217591 991131374
795462949 296334946
97816111 734731484
975228493 439400047
27319014 765899463
724653368 6760982
756157923 926464500
704842079 223753129
694977610 972457954
849716483 389554431
104767685 944394811
117788138 942451772
905489686 300577258
90862255 878323305
196969603 987072911
245594889 858235046
816937149 92304101
607886875 25289647
102274716 500488968
16868042 681415759
162480746 543515296
366750194 251874009
532865972 412743270
533872894 521203559
788869668 99629255
603449889 246342600
963340786 398103148
121997318 618434607
782628049 645970854
716248000 803182952
912413521 268226152
748060399 523000210
459106532 321953786
440087779 346660937
587114766 295733609
623281548 694755218
79053304 586002614
242279026 448613847
698333461 750862933
381897284 256829083
931768621 451164184
139158197 123322378
267243641 887864744
887151985 50546525
329559282 906047293
858865618 556544092
482775368 126011965
9644035 40410394
466271559 210828547
436355993 175879458
198188975 615515578
927891889 289977330
192557172 466624203
479783328 647991577
18635126 744981347
385033846 385519606
138673449 359583387
787474969 981157740
185997452 517457708
736626983 460922470
26536016 45507635
687492609 433149943
313071689 56903223
95921653 894920596
983524379 594744745
601406520 511372741
902233174 299582592
605976257 161685063
14603946 523922935
240422613 259503564
134595843 610553937
725779805 7463737
52559504 195148500
201523315 878701047
795369226 898546920
918002597 196702697
978117002 841531683
160085940 991164748
585260166 365344994
643024666 230232572
408195254 500553334
319025485 317937802
51795096 728590475
28519813 674103052
401030469 255767526
606482016 995895882
384763668 797782419
353134530 568316034
203334242 287227242
311939817 955350866
667789271 778670769
115682223 915571438
40695779 551734111
321782703 92436374
40403076 862137238
411940525 836402997
987125327 918071720
236927589 200423948
456061392 837332402
720673893 671777627
968532613 558995202
933118893 946461952
666435176 238142984
980396230 618378092
327994564 170970150
485746113 615474755
56929669 726602375
892431201 364761180
293215095 780555765
545613055 213860639
198535136 24495476
367940521 109566975
432430388 390211858
556576438 203028740
171763439 945361575
512256042 830268151
900265844 417673720
228746965 968341168
952426613 151154720
208827296 747220828
953873761 739703700
279946821 314085743
681532057 768135523
53263879 469606253
50117481 837339477
244436461 332406663
262033190 135819593
393016394 89352502
967104058 832306842
145161319 439105
757553197 914211406
794823488 886018704
205393011 125255717
224872393 855648680
839807192 217579950
632397470 400339996
135245286 121391204
667141898 823304618
806778598 473174135
943006559 389314922
547608427 281723846
99022635 800750196
789802442 149497856
399851352 17674108
996434348 30883058
702656540 313054692
622479183 413489815
440762818 178717598
140502790 276607904
573123092 75972971
759437534 231861331
800784579 445299507
1204022 445073472
387606536 484451074
309165990 388042596
321491536 804439417
863508113 176987434
566131646 514337953
343440099 168703098
665215314 558993916
934211518 301025869
541151369 725287156
666527397 320867757
901175052 118814830
183452828 413756163
325546056 814554787
210578473 759333179
382952569 715175241
