633 1
430266103 525485911
700005037 538341610
84712424 803907245
466887846 616250499
898538679 141718025
723072481 133177952
845729732 268770843
562767146 577664708
112841472 637864630
124320824 512516678
382546994 414714385
739083993 913715851
159809672 756420104
948450956 755423627
951374295 247615847
570723175 107580318
657752943 647159287
268673312 450704322
607916622 828925199
831520419 917602648
556761796 113684047
928407166 227572288
616961980 743759486
648156149 704372231
422967205 411983936
798531216 771729438
221472199 414153919
477710652 501606636
826369887 321213384
701545037 424780954
482053506 83234519
764935970 436956741
313954481 55993499
526658685 77390349
7512417 983476334
991457456 952597998
468839441 629804668
338653376 797945717
764737290 569067643
186742535 118315078
899366121 568618698
991962706 588084993
178474006 509516159
107657714 310821085
61548291 964947500
942058153 708618004
577566049 415784012
694083676 810007803
543382796 151793656
350684218 661640020
697136851 803877845
46067897 611446971
247262878 531848906
282647231 517171657
397038308 36959750
165448894 362491927
495851063 815323283
152826039 545608277
552733758 736653483
963911337 99653744
180583143 828756369
975876580 446480635
661691775 355218017
172823347 565240516
144896675 172205027
507478956 784541088
26598723 356879387
834329942 518567516
3165503 521931377
915821650 232230323
156914465 473087081
214043010 574153994
840322527 89307504
446690859 267303156
515211217 81578743
597960514 283455980
657230216 462780411
757637473 613780309
40406789 739516069
12149464 523033979
855858169 752654571
123879313 121353711
212633913 12294722
797250087 679304140
843328296 933386688
299811163 74478975
636717025 3223890
362027339 978134716
678849569 708266426
684430408 236917317
966318373 65571817
112015627 435462904
240207361 929988571
920105497 449882828
782004408 134501339
514691681 136125794
989926318 750541495
277558304 528785640
490936188 673117329
953775973 145937149
497152356 382914547
481956700 759919096
269398464 445683979
891412722 139770509
567328655 740299563
270852090 640676129
120984600 610594480
498244941 521105542
172664217 102435455
402105736 855292701
137217874 129286023
684403816 735956595
378252708 688882085
883455743 492750649
899997521 129404450
177795642 661830874
712208865 989394575
881860636 814045417
4312028 832009286
15249845 279495045
55531839 874281156
803497208 72863413
437046055 712792752
648240062 247331177
635525841 386577025
742882789 20400659
899946793 630313991
375293177 189480431
657694928 336851685
752249828 736634545
464570059 520135764
416008317 181978955
379077099 976660894
670841063 385804724
230098123 735351229
575952248 372382191
280227596 773048230
989789799 831948447
206964741 824516683
899270718 431542517
653117794 614314687
811494043 76334805
175910405 338540828
630776995 961131060
743877981 675388453
958958813 739369585
796592634 14752916
911222444 603679160
966448453 492961623
271801382 755434390
724978385 445958319
377249980 910704866
154648031 169947823
413852099 928367752
16355648 649165487
848518315 791273064
778857420 96115637
529613774 353217581
411697216 721090192
510335352 563147849
25996692 162059886
68244510 182340949
79377265 755505782
165858779 429536314
789037865 612671051
665629318 198623947
222240197 164519888
263320193 407970153
812546423 181967964
984436440 977898935
983421737 335486165
570773768 784978583
160199768 609425721
129009865 634134275
433048808 994439715
109254318 315229455
338266855 764164722
651193821 437792854
897782434 863998770
52420814 813286578
842324554 483382621
160292817 280195936
303021005 572802587
677799125 178559497
904370642 55581379
677275232 966322724
258464062 994412719
193977965 920039408
175182878 113211910
458194370 477444702
872957109 168327767
243048310 547188206
729301767 654854974
781991021 79263762
867355629 605501683
250358844 15308946
271301283 842492875
960095898 317231428
399043435 160518884
274331002 619539767
465804324 696546186
872187173 884251962
681585770 475028845
728049228 536404532
736470819 841682144
118321312 510875909
314366392 102332373
145227332 600371154
5722467 615498030
897627782 482393252
954205942 581748885
703805320 113579659
263279708 718432797
933524315 414499624
472256798 974911826
275563669 638937248
167299245 316872943
381444334 25252555
363994570 158399769
228413966 774359632
928834248 925098406
43742413 633625014
487935811 235432889
336051502 997762668
155422988 411949241
241843931 426719256
279945357 822442154
132900064 290496218
283781619 775714384
536847022 929427193
960256176 937576207
228490407 827961845
529401422 481981602
381794752 775332123
793514672 554083311
947359621 208942444
620884414 421567036
604492103 340523234
898441262 204918243
593150821 407832283
12165635 215233282
416277088 337907685
157686439 366719822
513453096 430087054
551417107 766225711
971665793 868795252
271174509 782354307
938210252 909810931
355293561 396677298
482468044 227695327
827581917 531157430
615679500 206771662
697785387 597729586
846590201 252377916
914129928 34262823
841861108 517147889
782580974 377554870
412266954 619377964
146917460 366365891
714623251 553731394
383289746 402835371
483862394 265642484
772675165 825024899
704986070 56051258
474405206 139590137
904225018 380480223
989146031 860447197
156417684 366229908
605531330 425778202
895584510 172678008
39311720 855991224
501396627 714740033
957033377 363147852
315794977 672565704
823353380 809901962
337213133 351627205
338013054 554769430
734943310 32249615
9886628 648815240
41699925 621727400
739495272 688294506
985549962 624217090
74825174 421397030
106575435 175206892
590127353 880382829
351009992 974926684
753654830 19247029
367843932 128856108
262762617 611006753
45334831 835321027
125872152 764048994
2894761 968256826
786051064 118931376
764479100 743532780
943829514 690533123
412361687 416591256
430459904 946440336
901108380 591557702
135262415 325729
484004702 69361110
640623554 322432611
952665454 212511176
341865321 273383103
338277780 54763131
535357047 569686034
417880531 690200457
130235271 372198981
374318591 567061592
476189290 550238581
713422777 237131750
69461346 788461746
337600557 638176766
50117707 682320705
952264661 166073701
902578346 218201731
840182998 844106121
383214608 840792766
178989346 431468114
754247593 589561220
164028336 286906658
105665210 140386742
956912190 268358198
859479927 132953966
57194150 605293307
660241755 74618149
828040916 658666128
967645063 416871435
295566572 946563729
511739120 459518407
754027528 710514024
634746106 680543292
507341427 664911045
893287096 76891781
154543334 153617071
417253798 961322734
148892263 70511392
440643511 153722608
911374693 412475709
662550270 680026816
122740724 429533837
351652950 447551918
101179224 683934764
326969411 169759896
612615433 676711348
83009599 97673126
834942841 468503390
216012718 925616268
99204401 125288543
32629196 62687788
333509328 507698169
124011503 415805357
479720980 973506055
18918443 929477957
653967283 235423380
913254378 143374488
342606550 529819167
486902340 484485178
486592174 683191785
303636615 956731394
419159218 958161384
451377229 960874514
759638710 538954134
499165114 57365987
826790898 784167883
467583282 707346691
435376973 857206041
901397286 59985686
742761310 11564651
573163933 981332992
919695916 762835731
480583648 617496933
680841494 805942503
299646967 336413280
76770341 217105697
952448999 813794242
565943136 842264033
398822694 165555085
488783194 606827503
996748071 212799662
720972023 895297803
117827733 23900191
914864060 546768338
682589884 771784641
237519359 445944565
487638664 12336559
409280684 676217698
510052584 803178393
611361742 216608814
479381274 278330322
764171196 283887669
881230908 820084960
743448342 247259304
635250709 246703568
122566326 153124177
714360390 493250648
498780705 916398891
520182906 620753353
28086473 608929536
322569451 314380370
844555548 809329974
414677597 40663482
804797059 827551170
693977377 491843766
107056806 313230950
360004603 63934743
46190375 908156770
225184691 281313693
630748708 159683416
942223175 472679479
729397251 927516857
856489664 648433833
999561915 233601646
700810629 159786049
769233013 846590679
597576987 694995364
487485091 992711906
142563386 251657102
433968821 617822075
698588011 974343952
769070744 899379469
54987775 309039880
244074959 952020770
184945583 682044098
205756982 534843188
52721179 988849784
485471596 63582240
15714137 505349411
575001959 650134384
184462444 271161800
307747810 329823620
345453377 996480140
906697376 530867241
440119509 671303283
521243805 611850971
614146065 791954935
35855728 224077271
701289527 810883894
795766194 789989669
964598457 130826341
879900464 570096149
12309464 288773949
471127391 667819878
525849833 973922007
182933530 290638824
762238387 659715002
325041249 100706184
114879117 82063733
154945075 758832574
203975229 141909860
960692830 514627517
218332404 948998813
176949513 518490196
904454496 901646722
944436558 949627291
676638152 24259925
227649470 76375025
78520769 445319447
568194085 383425085
736849867 177218046
964763415 912675572
70106544 129902328
308712371 170148623
908629220 298691467
189405415 381840195
258257679 976140123
608945144 234192190
689600233 418134858
779512710 941439963
95017787 372953336
695481370 367999529
814556336 347539909
568119859 394202826
189784447 710868112
760530771 334927070
44059445 702917634
234483421 170464841
65302500 785177131
378606061 25872379
557166174 173296755
983858846 266716796
840953116 423757500
639259131 934876740
111176268 724959156
360093788 458344454
983983183 40022895
228013916 176916696
425819399 152983482
116631054 287768198
725536925 449553346
307731499 793055774
882235679 992689877
431827306 443000666
109762998 862150668
782915759 64782845
582634734 864585346
792366964 811207909
707303962 414010199
301292604 749314508
406054301 308723197
717099576 486231006
254225773 148598099
676442590 801008276
710243059 606363147
285496437 254500333
454569114 349433762
252395177 620027816
362687139 189102288
158992384 451997946
394788863 79500891
958462060 115791032
510855247 334571534
802832278 996180113
416059282 252652577
381014790 90285219
211880331 328014212
371966395 537872403
159709133 69200493
675830525 1825311
219764691 418385178
982897834 98551592
455671289 297538353
32165101 588314517
6805943 676206514
226046279 72285400
110796362 542017371
87675883 831350277
424389428 33462188
160020709 72267668
363476128 345362857
758183277 846916472
478162233 3590127
36920799 152149549
636577996 498929169
279804307 832007424
750844416 640967677
920608100 15017452
581947759 393459387
77730003 571207384
465023353 613161425
693667404 172922128
10504046 570479320
11942849 736301529
189310253 106308881
922506511 967773312
940918280 758866610
362008016 510688714
93121954 897700609
585040745 963174894
913070318 510678680
4420456 936715971
550341912 771833564
361194032 978820744
731475423 938687674
594302312 20401979
939939743 255251409
611099279 547345184
145731195 283667970
68358256 276226210
293054377 510113830
944735166 883630820
141466439 545826476
267577818 310224832
258616718 826815105
739886719 709363435
483085228 726578580
115631115 385864321
435551076 85040149
19847156 263684607
886294836 928270082
865255366 282723205
353699072 886721176
470711077 605853130
154205064 416751481
574462561 577299239
857841604 748474974
39764205 299976717
636205011 740537109
97828593 500874953
263519740 682151898
126946067 943069176
579020513 757826168
557220795 709832574
643590902 51793888
156699426 424645179
756637214 191771864
455087304 954754322
737349846 878355083
779593363 794412516
768275493 265706565
295057405 542378998
762379112 580046250
497743632 548642701
526771980 138642765
270309804 814360139
135058766 202753710
251218809 299230701
167451103 363178651
881701665 649303599
230680230 43433065
41242264 26830041
704244601 465682102
963942017 98570078
559994105 134106620
977373315 29638059
922458311 726947286
113417775 953536972
452608723 357367897
307140934 955169977
861260205 939434395
406783263 97387192
481352521 969096962
538664677 220442648
86885817 31584869
229216780 291056254
798135885 893430087
877919225 799878867
961652210 598226782
866177839 596706295
955269653 173819711
434752158 579628584
383183963 119690706
210507780 383634717
663864007 5571032
420773844 563624665
975785797 546470782
222388439 831316835
240475824 251228259
185988921 90117315
144261715 874724262
588020077 772387003
914906640 975210754
210944140 70700815
314375227 108629692
