2910 1457
390102147 450292101
140100481 826919139
187362129 127558391
453944190 159220894
74967567 730518015
622539563 907833983
332140327 297630420
184467657 951285311
207595034 497369723
459722891 102240768
793479692 810747735
718351847 356493698
299792050 255780935
479776492 471323085
82029678 895432605
16346653 576555828
279578223 88309930
498920917 14040285
31427559 385335575
326848845 267732587
70790824 855767720
257420075 826433351
340578260 228799157
816328633 369598813
489433218 151591416
180645506 749032968
628771393 169937047
627438509 241808082
17564367 276968548
279914281 698443423
662102695 440286877
60662017 890107388
47515742 648431327
683156322 782568172
569357431 760211380
157941825 8593093
953216792 530028738
836473528 978310367
320227420 119366641
185783867 333777177
857227619 21641690
624297834 259094556
21113992 839229792
517460353 156904383
189323380 655800121
92526279 219348324
102760700 918487905
713708900 328274467
351412229 969025767
551552923 698012871
586696754 990707043
208373442 213447616
645363685 756445194
316259436 875449074
272733741 608533850
862194506 799594805
666296747 102100579
527597308 692048647
681259571 585512169
959922050 133541572
168299842 777690608
413537247 630992575
252646452 778971639
504871107 119254791
523145795 934975095
598584858 993721828
403386886 657868183
661755883 939550410
114604336 85479433
778033681 184732747
894841929 708426866
697188624 587541713
208539354 659591365
925929921 373840067
270790190 570149363
683079103 752002871
146577870 879081271
293090256 898488868
578040745 469619255
576584464 828559940
940160158 750965804
776032509 93415790
923327712 32833181
368064466 208992212
367706751 508547498
935495734 493634034
94920723 123695704
800522821 434071236
433421465 563027040
939797438 121867655
792997763 624515163
849080206 765559531
8151046 174760745
371867982 768006128
857058925 317772929
639330036 581952925
916320167 449550638
511527862 923655641
301035809 802830117
141906591 544746931
314432815 303885964
817014871 40682761
109231238 450783556
962961436 23236159
866127485 593980264
89303752 135914918
12255833 333820323
648134356 176987673
835444789 180795889
581796794 144908455
144796040 267413384
995684183 785089695
878352561 289066224
317996329 735400056
639215321 256619658
795978672 29223944
537467895 730598880
630952114 529446258
722742964 112886308
972505740 943763991
557785740 679933583
38965557 165042402
606715672 532991150
454006622 600888217
701910547 867102112
74145621 915140679
220024915 775429880
898885766 96414845
526443840 249250839
344539968 553927671
27904884 272701241
564995402 735161944
437436175 487457511
244660258 477094450
530054094 685384758
142963032 107895609
740814395 942623159
831199199 507664340
306290054 166801716
162842960 295543407
26901647 422507189
525801330 66310865
995040680 561151076
465351973 697366118
726451120 742439695
821593318 594291467
364851080 536180192
732691460 50864409
123252074 733906921
36842469 973102364
552923256 947443781
282406672 38946431
34970376 454710020
458812010 102977216
403250414 386096786
822659597 490838056
513105039 463749910
281997565 15147607
960351617 765336405
314857279 879890353
619124802 602074316
584132483 922462891
359215953 727199010
653797982 913778068
798413018 872628034
335809655 931598249
746780315 863142885
569519972 644528239
266806769 56872529
832034115 149631502
468900527 620201021
339354700 579727897
496559897 984575950
551000761 693728955
761951485 173230709
408930914 449263100
626254657 668119197
236718875 488955733
986790277 355276268
803600697 332853122
96920778 814150911
442645206 309269406
553133967 233054862
648739380 118533490
769788602 475350795
584740028 373769638
625626334 420394708
286723363 407969359
258324108 133078026
780598872 65101325
390006684 673041946
91246158 272552594
740235915 993982763
290230148 17393421
306610136 992338887
345848521 412875230
22839060 974513796
636218128 194347456
503853488 807439453
807232130 906700677
403103285 401585923
830130004 101762693
822440192 723433772
657102871 75113369
485832928 40389383
392735588 704659519
146474714 878226154
87132115 525978724
898379606 670004446
730756250 905225256
37047031 198614666
472571585 73722201
458655129 420969211
944304700 392500714
66782864 828053405
545607637 91628694
807731298 258706971
832814427 841138325
81593522 896051416
685559699 490980262
592514494 402829338
544559950 886487141
315220262 533944848
584674242 472533350
342752005 96924780
23552047 385621494
204100945 597787018
834619187 646241573
431407090 417026361
855329952 932565607
320486130 526673674
123728511 154198569
569795695 715877254
762661644 934280255
585748665 582099254
213573218 948901250
646659789 784631203
672527760 317835113
958147455 332005160
552055520 786240702
613935019 184062676
144912747 86522669
305799993 812224735
268538467 615091171
869590916 578505970
404324959 337297928
628242906 168549599
344974291 34431808
403050539 732591628
462968957 807363064
108837039 986279039
844459091 209007395
273124187 285893971
93427955 852994672
996608976 992237873
195177993 246527558
576205698 523076265
182267085 94334986
853354521 9153031
643800503 296598443
123898729 720241719
665495146 743256015
138826400 15300858
393556434 809073307
188123178 172027013
53994412 800870513
99339978 625281665
481678570 661682445
990862748 287794662
585372387 215672136
432878960 174763433
139726158 240302811
100311615 244902996
131300350 251574689
459084543 718610053
542735859 745469466
930219481 536803716
104090808 333804114
699483077 540651764
519922239 771912357
542843598 306256798
724834858 205775875
902357388 905096148
874307863 357256124
50247695 935135357
106897693 893210033
399578995 280946413
785282227 289828247
777859722 16511572
24973464 304430057
581466672 274707571
850045363 934996682
807639192 239146011
357903264 645769448
745746545 872712989
418040654 235097719
909302600 477919019
978392576 163512978
583338917 470792099
364850151 647684926
280726665 465539099
38050719 2980464
192319133 970281556
472714621 177562844
375336497 134611559
175531688 28820808
954977647 341457343
550196108 52857583
723942103 323702926
494522517 792787657
336372931 369878413
803660543 206990183
779833528 293664734
809821104 61046288
708707999 618762687
836387788 416414579
511051514 133173907
990155157 772309452
294412620 522905005
652444161 621933612
714130745 737716794
96495091 203852353
273174432 86672157
813928851 131368949
236782235 594040606
761830631 975639192
856989523 538883911
366277534 607723025
759225175 913845648
741812208 730898301
441454178 129572912
969389146 214832552
560442956 367644049
696199363 355168518
703478501 102626988
23547495 486903569
884994110 602261997
854424034 592703291
742760677 248039649
481846310 787531963
327838238 585335911
576046368 80493262
234352383 441980593
649649975 541382721
702213427 386925474
358433970 14808948
799091455 134081936
251046922 59897453
715458653 374128708
461058337 15126756
780217885 335630580
163605527 67419725
138687331 675001647
357029779 558479400
133912481 952449463
780886105 563451995
763324324 230758870
531105580 14788792
29078325 739331980
43414897 671724713
105606923 698235649
285242155 652025470
748620469 678349803
674663694 258978752
126398814 441170444
266864617 534086201
240874576 495437657
973059921 108724462
601960455 697183556
778325657 251893222
211132819 957728035
103060729 42624286
727716291 918017060
461914158 400684593
548233438 468247377
235119793 710665766
217692124 963665561
262932228 230180797
31738304 925893254
456699491 404280210
214008511 271139196
144994924 620286415
219294913 368847882
949281126 136578120
965638083 758768028
705792433 590368839
10033867 818638548
437501423 452234259
791498803 802134229
752068175 540214091
435815597 694334540
352867849 770971449
842141868 928671579
959561645 716473217
263930861 889220267
679121128 241550302
893974613 130846209
373278598 690535336
118348368 663975181
442230577 204689703
886759213 713478350
854849532 25492382
910711254 560659902
239682227 643113344
891164172 937748349
787343326 891969624
586725585 212887576
794454535 339076580
619399788 806570762
996868300 313177709
745712933 124785865
443799718 275337947
764873651 557545778
625711982 774795809
301800517 910674005
950122567 759660682
554544127 787633447
263615429 794754147
201916661 891683552
763777625 54434717
947945283 193509993
831673837 130281724
23385756 444325551
680595422 623780548
368717271 434154760
366352876 450075680
94279369 343584305
292270437 182006786
768574625 145574391
744138316 327598675
176879696 26598727
716687115 988374782
763909910 480369001
662826848 518630599
132848070 901703572
41122590 747553170
491804140 52635121
408923787 479370839
160682516 466909688
178815650 743201478
336040751 438121402
820336776 457455328
779324705 942483063
804201491 928906032
736680990 73051877
785608900 733071566
807756670 422356704
13914767 519183723
447046761 129880943
740784526 322445741
179530550 646039390
122727051 667203445
763449183 746433763
73041192 224413519
656334924 38289760
948707981 654033098
935609137 242701655
49595263 819221897
2732673 924919838
390134310 805872809
850252918 826563519
900966828 993766658
448553669 782788666
964311975 17767429
271443661 395725468
745767672 648095175
28310565 862486535
444065608 104360754
41983640 747550817
363320354 121770375
239766401 887594759
588807503 370802285
270632642 424766674
284933511 968768781
175210176 519483166
121518294 109536864
731830664 455298876
918784069 660042271
750583193 217331545
847976609 49920389
749756927 367987265
387168616 616430553
820707892 349613524
712428952 277784408
389124669 259207612
48788626 974240375
385802612 292146728
952459398 902607473
487596239 22547484
94408752 94146799
292878692 73643961
698096922 586487658
833948775 965751328
474960568 486341494
52249745 927511445
455533340 559081901
155854236 141514256
983220887 203293266
740938624 166258455
104855433 892494071
607486593 755849054
756803167 774871175
672531501 231270154
404507154 792047044
130129910 512060781
669119860 24893635
188637647 360242120
427980476 175774569
764721328 933110397
607008397 706569130
641136588 281341992
305648724 749384527
626141765 785969172
66209784 463800330
977291070 492543606
491192299 249870117
540276976 814098077
14316865 46546699
386884438 645088448
446664393 703375847
41800904 198622277
228394875 498962456
303226724 510242207
172676021 414050809
932631997 869104410
722682069 785928100
888664754 9232960
611778854 696940207
100533674 609743918
891677013 536812785
269958704 450893749
497216499 682290734
463930560 918870112
563244297 577972937
102081588 460296876
599339031 917258053
703790770 626153128
711572569 305371611
328151900 941311242
954390484 185752062
394205880 494309039
388107442 219497172
514546006 611581647
383753876 60323714
922301613 690446727
541338541 491437173
999196192 220512707
664192167 162153733
916640370 280359117
791010183 567647321
970917612 373286082
849346393 55044216
236762309 180411316
398774840 710297232
460966106 38296519
955547770 14196719
142672040 126605888
107047515 722384883
440553822 875294407
329347241 238241315
120709326 394437215
535664831 350820008
872758375 771658425
897354921 537753842
1980202 898552426
616082949 339432067
936053449 491037192
391082208 307776648
690269791 118481054
773611851 879562729
118565724 951243190
434486117 84190889
320219655 629172406
303723290 926835550
213957577 76247396
668023520 969897568
69718856 899296714
10036072 271388664
658160624 747454267
805051297 758036006
302121578 852755710
864667156 848642575
348546746 409787181
840143070 209190084
471115911 743323095
10491200 873819508
475030278 780108665
42822904 208374354
761843430 511996528
980433532 604777782
313211596 651151029
278329402 765723239
868772939 423542098
244219846 349609566
747770686 590622665
204840359 611390514
973687235 352635134
869102950 617893347
358918753 540115558
955546348 254712766
313416587 566627855
737711889 238179638
7470528 508689225
475060610 632520969
872713321 845654304
674836272 692458323
457380411 512066997
679771895 851770370
103363846 769526702
625288728 477539789
314028010 432825961
435931613 31741120
180272932 921279304
784629538 339982435
472113473 894654891
680862790 962950287
712149446 30489050
408055266 503717810
605385220 36527636
576908060 557593870
814708644 768634239
150290118 486927896
458542334 412192384
315121206 713756643
235713472 549090700
935983538 180407349
850922308 66377072
677074172 896491101
292734837 986364736
95779900 122510702
881123146 358897289
384628292 417816884
720367364 116967505
287767061 820971942
961032513 877788924
212360755 715366763
521281862 25762047
971142462 735753975
850828350 236828675
153391683 614933834
492372653 696844478
481755601 753727396
584244066 431473928
136047671 12589022
753379648 187031154
224491087 603893120
447407794 180725824
452328312 922578109
812872759 413562103
369305395 65607832
40832359 930292112
456406533 155865824
971162053 820092477
557682529 551264138
317133667 249319917
423228189 268880120
196071235 957647367
839083111 834599327
497391512 755319268
655648712 519477488
192475523 95840139
744611442 397898861
18158234 647798835
683922027 243927010
245946168 18224220
847303311 763737636
350700726 817002300
253248624 220258755
736544010 310016752
852415174 998497564
639014745 268548805
69468394 453206218
322263231 235027690
695210609 752366807
625473252 552191342
115879357 301942131
370429581 367101985
866536676 192977390
888433527 334683265
549975532 186158290
735575827 817583163
974114576 916239347
708569907 146979450
727163524 248738873
323148330 393242072
356138945 812203912
30911018 597882224
515045857 40061694
725743278 126847513
814567154 437338773
743815373 476999224
320266712 245314955
686105257 985025318
231051969 20326631
295508776 393309016
652202763 802745224
906406275 76022886
785362807 743172783
635446382 591640460
663474885 12211374
186411051 984941053
423382071 386248741
591098676 962519887
256417093 823796557
189522102 116183026
922483910 924328406
917072877 346308472
294513061 461453499
636054884 557077734
643920447 229817672
3901100 268962159
966273177 534739721
827270206 20627499
16129565 636866605
300764620 947831756
651658560 787824536
221767110 40574281
102561514 91170128
88826518 979979173
997617400 491754574
462080316 479349945
692954426 476253283
746392902 892719351
550342960 241821285
435117260 351128387
574587357 984821356
97973215 748695248
295556227 45128800
460010699 869481093
311489064 590979485
378312041 788450550
518817356 513674051
590253857 386130133
382361083 528780968
130768075 533818073
578214789 764852397
36221529 535884041
944544660 339017567
504069203 513329155
848876909 798382540
74370745 638164968
77563422 606849214
288484977 954501078
385336587 571451351
958585609 777983605
239596260 936434273
759294615 101222833
718787585 860688898
265307847 59940397
333798805 754637722
800860360 375435942
261544870 65288156
62022036 155446987
672497224 564796408
108455764 602968620
391143727 478241759
600875073 981021776
340785038 326697095
563968021 616882269
138653644 17365524
546144091 763072588
514968964 712543852
147481011 114366944
285465015 686385672
99142196 859546901
905102463 189802688
301142930 566322708
952969763 894399480
827082032 227904890
214320850 487098113
668281312 624062505
587665584 849246123
367560625 602863926
802955440 423973508
549604495 434641569
135592661 672603092
104842129 168371585
468602193 213569920
279442623 75470407
602797643 379801586
707013227 136708042
424070610 545179311
424575645 684266033
496217880 644599791
710448655 819113354
920963131 110634296
298520977 584509048
538663676 803170109
970566675 883303487
184787236 603900836
477989060 184526540
408974107 961224357
113283738 560417859
89530473 316767668
423376052 281756648
460298541 318570130
413597870 354930423
363464805 975012032
848221833 63279920
251357251 661231694
819634905 362016950
404572832 724771396
867703689 530934044
103131097 462271836
622847359 243922848
334541715 870973973
568369433 79018178
135280633 293309110
393295639 491248807
397676459 748298164
256313343 525878338
217211424 389255033
537601645 766958161
730470073 563374237
455222872 857511193
555922243 72063877
637510051 128526709
256873032 657634105
29798388 961092248
868472973 277630263
205069212 912585971
783601170 988777673
318335185 877699193
743666201 497051671
749799049 210785169
437791640 43630097
39461759 802487375
657501689 862520050
796123906 725745958
629505870 773151406
737638396 434452850
751666693 59178988
194386717 844502373
547924326 408911805
968929389 143867757
371910625 497639999
716727303 557254157
80140939 927890509
825794698 175738339
929093797 120884817
628264176 396469673
192153267 864852094
165203843 20579402
291483678 689236440
650160448 590677479
161493974 140897793
311468510 905440276
644487398 512469669
666827795 134244278
233255981 905505577
550909463 341238017
234939067 657174186
884176968 13166168
743819141 28128787
329646174 688507820
341115830 636937973
233327356 150756764
565609193 326287667
522996555 624806195
547633110 149650332
901953193 690299912
48486089 591280160
656342740 751683508
481356636 820677676
764462103 829892541
838955035 393959215
97202986 99236505
636251118 387150384
710648539 156025402
49342422 184355020
297829207 829819565
904895519 408522462
294464043 318810620
653524327 52515598
720999581 718301500
615802814 229090554
827317647 932234958
335710033 819801414
942046330 414445833
967777738 858429886
697248627 366992684
187243609 86439544
900338012 540971315
885183818 779334843
10420891 322216078
799634781 56425676
103760072 916464454
135325150 701665829
576613136 848988418
582444872 292046588
817954267 124302789
519555448 166705313
300497087 532396311
595034325 325356016
486982837 893820046
867964824 47694907
842836833 453879660
751810418 885164129
42842329 168306098
774080997 571117072
224237634 309540350
120725706 679104750
302849337 355606800
572697771 834803032
922202710 536005385
521303090 138587152
58352347 758507265
351167962 202216646
80867996 952675794
9172301 453221963
584642707 607879998
345155847 290715410
900957331 917871618
631272067 388426501
619256191 773789347
623791785 504468047
236020134 968011607
393630361 930708791
421611309 671597703
434369325 309253942
785555164 217760061
871182916 952032373
56584926 484586235
374720999 107168730
548329754 472333602
986647374 479633904
774617124 452710394
438093519 107612195
607608819 298823757
384511101 374594841
594374324 967050079
949432372 401860712
970082959 570931215
536292170 68377546
111578230 621823768
110360898 865861887
494341116 887875611
178160159 215055363
128387634 612748465
142423555 547806722
776186244 517963532
254315476 595213356
480900022 57754103
250221210 555204594
828926333 734995677
108479251 872759024
725158632 335335449
209328941 196777172
732899348 547573066
697434003 684174326
880409948 89336283
963034728 479856053
313755074 598391517
880013756 587312806
663549949 238665920
346404009 602523931
71874980 548008120
943819194 566446735
647868107 22536654
489169739 809916417
187676805 358749708
94176194 911318235
917229438 524789538
956859094 467542435
490368157 985715749
496656491 560135949
657176256 464743601
37710244 891409258
435277835 517388272
805313766 39765210
834759001 394784620
344830681 439342560
560036435 540196509
522196965 534150056
213889172 741993599
235576682 932691553
428027570 271682513
618930776 11257771
166230577 155266055
684476759 349455168
450240946 429424104
27197084 463156386
348330020 610131016
413803998 354983280
761640891 601504356
635498275 88888588
943462391 126066730
666172357 199164732
507419352 629952202
234422619 281187405
102256273 729513245
885585235 910599959
258613028 629470164
130745154 80549444
158903417 502178765
536312927 855955431
253885548 168236767
233288766 331611201
472071999 202471849
883031808 704799625
104922114 605720387
63127985 884488788
506670406 357612814
567710254 45440099
955622501 732431868
706437459 563951158
270495841 903463374
48867292 138884440
476690134 971530667
777698311 45053843
43089869 23004696
220567069 222945989
975172005 665977636
523731458 760008586
676681816 593443956
824299918 744284980
739009436 848171300
976082918 512520234
584141759 887914184
504479911 490879057
46409105 360441253
32559973 306086665
575603028 326124056
422803996 991719245
996761202 904336635
855829316 554771529
921369210 985030466
615332033 242230846
516111463 925781138
640331149 145326156
226590719 23937583
973568966 469266508
494190769 604973076
4768552 120948243
234099902 372366331
444156495 129819815
709958491 753690854
236072925 805751050
768005378 791986256
808763898 514024587
283150874 995388001
792730598 803949742
20036117 270637259
425426991 289799135
351457438 866876012
761232654 603222147
815335316 20843368
260418210 610572787
540085496 960842669
760654029 952904704
40688883 716388401
546719330 954362853
875376153 89014966
616923681 547422378
389614403 626961185
267902789 271203068
544396040 721980008
938813256 681844446
403870996 931122380
604343491 140040324
925889162 761760410
705414655 810815720
530299751 108915037
126783653 775066868
815801057 455061870
664194231 96958069
721768881 894008857
210608736 263672988
512632031 483292153
16619638 462582979
258765324 850858561
517195419 498068254
38042905 324919866
366648244 46568833
942123924 773042
39872912 86538180
298332277 888383101
82450239 767642232
555718660 342387871
597753956 457917284
471694251 325391501
609878113 889969834
484546746 679690972
333813826 491710520
449096473 775104016
301793099 88562624
895417873 503839045
992573923 16899988
650703410 824005839
603938014 469451806
618927551 91839157
492470523 595994719
794652418 704105059
392315491 439213102
605885268 421476993
213087956 625607223
770333415 214081225
726729533 628280439
225116608 87861037
633021359 305085121
116793970 921240994
272166882 317155905
620905310 482555103
559750701 780004076
86015469 441260754
72114707 454682020
702640803 371494845
384175833 531697264
386954421 728694202
383916731 624398892
486106821 523212916
129855854 181814776
66127205 75502161
97036285 781877386
692153686 911794002
627261574 575638039
794029987 312319207
911017819 130922900
957120790 187576211
236127478 291250062
76598330 338931369
697444684 176656248
723380796 415095507
956258236 585272943
294311009 11018676
226185653 47595040
227689582 176502474
284429071 982250130
913929475 420057106
526182405 860318497
49453631 472339503
718113924 311605222
66950306 585983226
825602040 342215583
199628803 6403598
134563567 517133464
322310204 551596270
83826373 559578526
772592301 773261361
189582238 548225478
924275428 871165683
119284027 721671005
875687364 830849265
590093412 316893188
136029543 260393238
149142926 396487360
698052815 122881646
941354011 642105496
705479253 101673556
488529308 944710356
507255052 70169328
240040829 750692236
157838013 716279314
705410304 354509665
955764756 868507473
532618136 367343914
570187750 87775723
671840345 142723862
334649008 374298369
752492706 636684997
678427075 429228930
761988479 66114697
557175249 755564556
525364010 522002769
172222312 727719058
296492659 630960743
1920108 126905457
149452589 49672963
657170961 914303745
731472887 605447250
933313806 501335020
987967686 772967347
710474952 73439095
785287225 676996898
708068691 601308113
150636119 112996214
826808535 770060191
841038049 607725580
466171943 978836024
203020579 481733273
125347291 183249894
178419829 697268094
992232898 165470675
206846931 37774775
304197162 391947003
420154653 398387799
399209055 704937671
650942838 312218723
306811248 182119067
62175341 674724277
128180231 552228181
613992316 152780586
443026850 748739100
356578996 771583010
116702793 844896455
399713976 67083566
60419041 582379028
290340788 196688929
69380075 419545676
369164828 871107679
685890184 766728852
345934320 56748692
988414966 330875204
986699077 279331187
843204806 458301589
459975553 351963451
254126439 721007078
824755155 171453560
214584163 96975000
750889641 234428468
812037359 145109632
397331676 673529061
138542305 172820771
492288000 657309593
636991745 834545185
566951884 781687241
848492185 138552072
138504038 592248635
237400195 394336709
54920144 312962021
828797329 240627392
506241960 46874267
344654224 742005287
299478852 945337886
790429854 169998102
99160630 235070482
231455508 291200787
182695961 821155966
594904812 198094639
530195682 179529120
801229223 464245224
108196824 286107222
668675948 105073782
795151498 166132543
183911312 140620267
199708175 904758854
89331335 66843263
684871601 502759830
351966001 801622307
578183240 839997721
268933966 564908890
643455548 549144909
634964812 575468359
734271316 605806337
444226490 11774514
678313004 269520746
528602942 824214290
341694528 609359415
300250502 377248057
704665396 639981417
487763996 513413090
96678036 866081600
259920528 574562286
133401786 998410908
26910127 462215829
74591691 951308735
17064908 100654428
57467093 642787585
448335306 993232343
148168163 884737922
86953651 753653190
67795078 358218935
545944500 184204105
399639393 705044499
827038327 570529559
184875877 311524696
868666724 780572460
250665788 526758385
430339524 707406638
436613867 896106739
474773378 147390814
284484425 154365031
669162904 141174523
256137911 557843486
714859224 344499875
173593602 961070962
859478717 820714283
348008194 851977754
398866630 925309339
841868416 934932984
181136869 966880812
355259346 751325935
640474487 438199349
471158054 466646666
317982633 248499951
163229369 78766232
166327235 868308804
603691403 184900661
924971921 259376768
813065279 177750185
840894112 78751244
156765804 442455632
28774863 796669868
639556206 955148582
636223857 818121119
864090129 593027656
424207862 11566260
802648667 291169222
249292456 655166580
119741144 507042592
948912299 771868182
175912466 636474161
32181471 629583941
680596891 50502610
406832153 362149221
345998783 374593281
954819507 225444294
770944659 572540736
386256029 549735744
566405299 571708017
530233373 358819680
221972012 658993226
96331319 516135716
934812357 764774521
333458518 45140441
13158985 820582491
884788709 518082990
984329006 85325708
627101640 502514451
113398623 769155093
661601890 479731803
622661193 237544779
17560570 507465825
906054147 286174828
528430602 826481804
386077358 77606563
80425214 297001317
620818052 258487096
520582892 187162292
296606883 924272074
847811615 316126584
928335766 197223631
976497380 562776503
216229871 301522518
638647737 424058200
98842622 499419022
985921248 764326531
891876674 783735570
553530646 554965242
87014366 757340344
488227877 68162430
657110237 963022209
421471378 479674806
835247587 607938043
319060978 529441738
414662767 30737235
1208150 316693797
177745897 151025822
467020149 180318755
953046471 404362052
723528174 955794809
937493480 228165196
672963207 505299139
635009831 495357182
708590360 223862496
182618958 909966698
38140709 18354993
377752816 999903465
856499509 566803018
659584575 456880442
268156376 7085162
447098315 785636889
403637908 116475289
710168803 116607994
429335546 155201655
136721578 105112324
749794619 318968162
415813585 977142089
805499578 167273472
643375213 925152545
985013276 620526868
865897411 212272813
760075831 597385070
597718594 193554689
625555538 6275681
767850187 833158298
444119211 567756383
798799732 853292950
218158865 486412746
385418688 334380174
814008758 877273306
681196134 394581358
892035634 222963820
732662291 416121753
458886875 557745157
225322392 243490673
867075298 45431932
896221738 611761742
542425341 741639283
551025086 88724144
367347360 882418372
804434307 121833261
407015668 595376304
591684633 474803492
456694930 340238584
449541803 992891749
929752402 406333047
788225525 139672578
601817563 551424665
248769940 163401481
399485317 587298663
366795693 760465682
619375176 872964675
641528375 839872110
652285031 183384775
118193478 293021603
254045278 394690670
445725052 952428984
351624713 92739515
167330994 297893211
419010336 827472151
738913015 380648846
237609546 437663869
237154588 296084023
189948712 3253331
227400747 605999417
434841959 104013457
86642955 944997236
255800338 471080017
11938481 148773590
747073315 877989934
871817957 414617642
11808983 806019561
257675724 436687359
361380242 193019800
606109288 486136353
363366765 696402949
59489262 942595399
190069436 165392977
926253258 296920231
945546718 556526872
459767710 495722937
908261291 592087390
574126691 287875084
446591478 626180525
559149005 850835629
754022193 973327995
695378460 729453828
643175582 996115150
875154292 247652966
110462247 392062587
11836766 711556613
434525410 2140643
132183489 676763372
484653502 306279500
530381210 108976780
794656464 962768774
922470658 100271858
246535669 20682323
132375928 799334834
912555169 67537024
15305910 860288387
795253262 185297355
326548040 665582202
101628661 686761405
292460513 918072321
542425343 581693541
841035963 738948816
651752141 744080657
115960291 967083497
115150778 95411443
131877909 758586736
367267500 977739668
457073806 531391775
895041871 699875456
60297953 907181755
294869519 742882343
13829273 669078165
960946924 325499071
999032651 684245467
964897396 593369761
542241648 123758521
648846649 264249810
117036903 439290333
571350603 12058551
434481075 885584787
180703513 466854549
266153441 18597708
496927974 413215815
41775738 827712032
691631274 28597479
52175427 721612534
532102647 148154936
420788107 922952683
398142395 688730195
859493585 525915536
166219299 893300257
783369482 405392068
17644797 720100183
859279357 916710302
71552087 19197606
262771654 492411628
998444851 250417653
225667206 812662879
693272562 30330546
993911466 162987698
161899293 825950587
293697761 500062773
293589290 369313925
515175577 131329426
643617763 997352716
22900290 596062442
994766351 417670686
669947470 306057203
419082095 321866535
455565724 146817751
594579809 973858426
47557038 687724063
432571108 993030990
982491266 11249768
934796746 431770923
424144729 653827229
247193301 835632487
467375612 470100073
281114929 314277592
954204577 349004570
572802733 721294102
928560432 62833992
537923041 262064239
423573852 95358034
878991247 213709757
802851602 622245975
529961516 113867575
862408263 584416350
979901250 3751461
776326096 367739303
568794085 674396543
624394536 504337151
322105921 325941090
410378066 24611886
678982593 477451728
366796458 392091765
315571281 832570966
297751224 616303372
120318185 824833087
409463031 915390345
405843924 471787893
114135111 448660200
335811723 485936592
195054715 374337727
523902880 524742720
674028536 135009609
599505497 953921154
401342398 694182685
109503194 140508594
716533729 177405338
10394467 151385877
795643028 973182951
923970515 621839399
380118895 446263277
842816550 739780388
83836418 567952322
884119370 242408157
170816823 284435779
870476698 562681606
784715982 734004735
280190512 71494244
531823733 219318075
685377331 701627088
166437540 290265995
915280979 725874277
880098892 225291530
950771691 976854212
978469892 981229541
994174231 683627196
356146919 533372578
764248062 549735244
950527935 55224438
20595711 919803317
655359365 141761112
647646378 937415099
837763390 963195973
444392103 484456015
909701674 7965210
78337290 547041189
954270126 123512672
616458481 195650522
574029876 30185913
950083663 515892174
741615887 989279469
232919755 319543846
28443499 660578254
136832293 450888935
340831739 422195498
757356986 786589367
188647672 960612163
527543454 844026792
699806159 243282872
157574049 825409932
230654286 440121065
872813084 784237675
382532647 531404926
981260624 43727960
203878891 853930334
538067149 641527423
734576026 268068006
442422797 555457296
986219723 407365948
787907855 751394858
77070447 476829415
991921521 503906800
451149570 68041246
300043358 106023802
723213789 408419171
40627325 225586073
873852503 116798114
770768669 381187395
190401983 33708998
275796851 447133389
928441836 945729030
223669002 489497952
727228714 982037235
638255172 266877704
808109917 217246659
249091996 356254098
940030965 16996093
770245274 271875573
742707578 591384666
848180654 708473854
727521147 302355684
488060853 547854723
612355494 152269557
956037640 56172410
774885957 548048509
227936552 795640118
490631816 60037658
32806387 936643909
851240770 433759918
286651685 839557895
377826192 221178832
857700827 46166339
240806670 205760971
52964574 408489788
484498717 140925690
802610209 347169881
650165772 206983515
108954793 92949004
961444678 959030795
275373980 28207338
203203632 447001444
229034973 314745899
126275048 767267202
602305266 606076625
173412456 141253744
716525674 96912765
942473517 928824640
780629723 262354352
589875847 936931753
454709512 661327064
848391700 905500805
639336815 506097496
193504223 395786667
181434961 733391843
624247848 319081707
981473382 827308199
699168755 933891995
904089151 671876798
596436262 209514239
951119731 587006051
173118603 558206584
467593815 183911382
882206547 886503031
900156340 794461489
465302698 413175602
204362980 582844812
622708481 229336927
813741624 198939722
710670143 845153432
651336547 871084795
357727531 958690936
582979628 818525738
576527991 261616816
596035324 853909753
38714992 650627029
269277657 572511172
364436221 207636856
637696322 38893053
178538470 861533840
479549731 32485245
940174265 173753076
41624863 525629481
172764346 291837080
752910719 540006429
87158699 2950108
212878897 659358913
658125001 188993820
907151974 456375696
851168395 320609671
876094102 58598166
286490650 489607615
347574091 768092525
450121970 834931748
828870817 788988409
855846003 563490323
718676428 524867642
825191197 95463066
592991096 935966395
811510888 846559444
985624031 294332195
824603713 314826488
519368455 919504990
854321389 361199030
833148065 231410464
581071533 168146298
429416455 513564015
67621588 47995957
392076760 431643208
950239385 803412894
712167364 576488971
609804687 584273972
838733652 206122792
7461365 465397542
803564211 679362397
901128427 230744562
755200182 259043216
843394608 543562733
388542830 794317286
373822367 350391495
353345867 131438912
233064762 976106123
484291833 529655216
67806327 192423036
451495785 322658756
49505395 549963712
326205170 204182962
818555778 448093734
735417719 890530233
149261775 213238478
347046856 256034193
276128868 105968381
115116711 628181896
954770979 603419368
945619655 926591891
259142546 212415273
872630708 33194241
789007156 774187550
718697975 917757881
720416891 708270877
446091137 240834045
440642693 318561353
719175839 526683849
56011609 709408672
292920292 329442326
301838741 675369728
149614737 113258013
278032754 615457326
921474975 481153173
86336941 616780816
520510174 76331027
136608288 537637033
80999850 309572254
194483581 613031209
745590734 726553460
41721491 120513929
900976009 962326713
566252963 118775319
294798671 8500028
335091283 39835471
50627016 810584861
258862747 180192824
478492751 655450589
351414066 914582975
502923723 432973274
190085787 179648381
763501629 729390995
1933035 486660614
395754768 21721408
968075224 344200993
791119215 195544484
545732556 210195722
272046411 277920006
886384463 683404185
711790973 270996319
842259884 531424447
750242906 698901315
343032738 113394571
270180328 497758872
673586997 357719155
325002075 351047067
613313555 52059388
59348464 324395650
565818282 644235599
919541888 695062904
996748973 830967988
855711378 431687269
967132941 356570489
274148183 621267358
105696005 666900566
499271461 372156753
758955328 478939818
901829275 472750937
173383649 817188530
584745848 172546224
619976226 102624003
976639032 244807487
213762940 547568080
234035323 21046945
936628085 996797581
352586478 107504387
790683622 404266691
569696788 572781518
904069366 291154333
204916703 788395632
538230332 766501270
283637799 725451735
741357296 600426262
370965404 761717967
244011177 130477539
781561128 782109782
717388238 449154070
46074036 93515730
739383899 63730314
634087414 577960276
490250099 314558225
620631208 453158364
80876180 408627569
663880978 305384629
56219961 901979014
526878060 10977588
882897333 575333138
20167006 760360815
985474209 550974731
735050483 223832133
232966392 870576421
201579561 363347108
223865800 357516903
298497635 185586630
377326508 922775019
830723206 732481404
575775365 931088056
635259823 566757564
131918819 298871402
159795010 963026124
847525014 908985933
771120335 925560868
886254197 569688293
24514881 360135901
99109362 205892617
919658180 788387656
349201568 330174892
589381142 188686855
788863671 346029820
943527091 864914648
589022664 450464368
758211137 548334677
709969620 237591388
413469289 763714305
49682586 856668192
133456824 825986818
179129452 303351172
89552771 919691245
621547579 806269210
63418954 919465003
647918050 523518392
118159829 888663677
305944391 872484714
558753655 344659204
74666223 810051068
802405865 763935124
607127809 122624034
197003871 439806309
517742561 761509865
988244712 750822342
860399736 88715931
381780708 152253624
133655968 11192933
811165376 311972709
779829113 371899210
904576127 53143449
303686184 2688624
460588516 382317136
440338799 982036333
522165570 492791847
413880325 874623630
299984068 302400620
4257939 854293119
793332121 110328513
820708704 134477260
403807136 180405383
680845951 613642758
779919174 387756719
229617360 129967349
39664392 689623047
606138190 625299393
297708971 443696455
542582990 748560250
585039695 846911513
294510955 764481711
241157526 435363355
786782496 322914260
637334425 88672538
242665033 561698864
712938487 255492807
491431100 430443955
362479227 659528881
482016482 824161123
922233911 746386741
626681831 518003970
325822332 253402733
716676909 684268668
183724049 272555494
564733171 132142480
666910298 189487198
731393654 456757214
541958750 40668876
87856043 785963398
231741898 845911056
781604078 429625543
829005363 365294963
844076314 322988146
276971484 147842208
809467602 175632302
628737070 516832711
166578050 684224112
144987706 987547079
995691157 128928251
966091214 248783277
908697522 744437040
737216045 507031431
539412412 401812480
967300945 430761173
53656354 291603623
187590716 595293345
571453412 540433902
345030355 596159705
494600443 924717306
579291209 702698614
710630433 360907172
263129521 922341395
700932402 499671290
180100423 840752186
94343226 98755944
552895435 991698096
222916042 392508774
15445497 764807641
522602898 442303779
139189463 720457719
611934635 731533744
850493552 822411488
626725128 886771998
847717190 751932360
288220710 414312674
325288339 874948314
403405986 590242429
583730874 258775568
241344065 524108281
563449488 806622500
638890515 107602401
341060451 189171578
984191905 799495867
899722039 364747082
56027268 320572409
286448964 580457213
398194969 773547394
230210949 905920868
854180760 382796421
423019372 313070389
935179652 752192592
479904375 244959310
95440522 76390244
770940577 649877958
164420177 422395017
809622664 543388319
873931426 249673783
470674368 287750276
598433315 639795
217456498 267029025
977287522 117811872
536892229 830101964
70641797 687893569
657143863 538149060
380401921 120443667
507547821 16388289
221524875 829926348
751574542 754971725
914049935 893067343
258934034 141399520
976961874 599071239
193162583 455897773
304229173 558342790
254791021 924271016
578116019 435360242
504316465 775470365
15782356 923795528
99055150 337199309
892858819 978966497
821581649 64132454
326833714 418942753
565150084 189875366
298948244 324345340
915532760 716028770
421878551 594345787
109699193 358629783
505460570 731179722
588056548 147179700
448045475 594541120
727528673 495633499
442581748 267050511
967271337 716544966
352042102 666177815
922281932 432356201
667896639 636462396
177117559 978862879
122519077 315645437
28196935 528818779
331143742 475997360
868634459 940783960
169359629 132562963
388944851 225016408
978519929 863203974
524300256 92747480
804500018 862930096
458943468 860380215
954330700 844655355
333147763 295131701
812215638 59190878
247628025 477775295
575847491 351063552
536249520 274138357
121307107 178742301
969078156 730584889
888233236 450608555
345590654 958881028
972300663 725078432
669345125 479001978
89180484 927935499
54130997 447838990
284334410 2947327
683909705 30849873
317009831 200293190
120746817 670827739
191512571 270003212
331508193 911930116
569181778 540832381
165115995 49408252
856038584 559775540
682808369 277758983
637976960 532656945
462534540 969586464
654164074 483745827
476508040 368910101
605830302 464398984
421862148 705118296
15105625 472024967
262385838 646675885
539492319 18298251
870132817 667850342
517316724 184698866
889929282 846027154
173796437 949215790
25885103 677922633
727777091 934110186
707658653 255718721
958110130 112583054
787821995 388351461
543611506 751235481
655039935 622901285
11624383 754667833
847653933 788150805
329971623 248342946
780085522 323633649
946648031 857868349
498143828 123031267
438470995 691804589
289876617 837486103
740663962 812105111
785299494 941137091
30253288 764196481
673190204 296901035
982470160 614015746
445102060 518255968
964787046 450677823
100011024 701066736
435675629 613407621
691447367 918815306
841170115 129850126
934825285 764305193
258495212 606113143
991931459 243172854
235890292 56787708
952447450 816498765
171322676 522408632
359636780 898429588
618762668 752736215
798995140 444715569
225167223 392184851
136750260 152125593
242217871 946000346
244905038 557618281
519756587 642338576
618771439 39359807
323433974 467729139
857276549 891840291
783912452 660800300
958861518 397216359
126144436 278269276
928384649 132211603
719708001 122717511
915389128 143884766
830894415 75835104
916553006 218461414
642845310 772210666
535836334 957014163
349061050 416241057
201788892 240040325
598772667 989289014
689575074 813221682
481300714 506034791
478944692 701153843
492418342 647215312
659247352 597055443
164179674 244768210
475294052 487578660
45115930 472410111
757844853 649206867
726203167 351681951
285842037 620456038
351720792 261754353
155401874 603336738
420696018 315049062
648846629 786860661
768234787 97387476
959761624 270499863
775151607 262638406
182822185 742968673
864501635 527276184
891830525 537678343
335938084 378842322
81284168 327292680
530044548 402829956
32490691 619841911
240831476 371851065
129583648 867918671
561983804 268623619
806905965 167604479
366751877 518206702
48313164 401542233
558295234 663754452
297800623 485756675
33930561 350048055
113044957 150486386
979394249 218391643
14510676 553001126
753518359 654908111
408505369 900047675
640196622 904552055
550554223 706803086
951521494 63788234
53985430 374234712
326674512 953480101
164361916 749973905
301750199 995235886
843414826 489383136
728865870 303349466
730113400 233546636
945261492 349323558
478966760 185186916
991817395 385365285
520224762 759750547
961368902 914298397
341571603 234617184
286208648 702325348
809997673 81481764
247700463 243079785
92485164 74763859
547424805 382972271
215137420 563275478
679280087 672759991
610196844 45690250
893450750 341998136
271628409 701587663
927228816 913888278
861947165 484849563
802740550 276768115
636123633 845554945
564679476 544614655
550555010 928304530
359676750 613891065
433058157 743570081
278419624 628728930
262139278 90148581
642264613 501402013
304331261 73153527
215665364 116586511
885332607 790952698
207853349 932517353
724796416 257893198
297196633 444877117
252975398 197161367
64144542 241334838
681101488 995429881
963004465 828786960
920186293 780706374
175664999 832952015
181577366 66755713
484244980 337337852
676276593 463625177
922603404 742559746
209245983 461995201
223218838 919680071
995692758 285081041
396024007 167912334
465205496 291929798
126206366 701634435
218032606 634446825
762351484 397474008
816472613 632071822
244390474 323352243
237776273 54815945
296455530 350730103
115226699 900285579
800386968 70100262
234140864 484750151
485866125 531498979
366642884 776164574
635130653 187650752
873112473 784803382
831870212 127088284
43620927 555866841
829986100 989038602
424174845 23112181
936406434 899112815
197398136 904763816
361404049 953542795
75191165 930729762
721722077 95373710
944682627 360547329
512983970 472269810
431720033 26530004
337886101 472556813
531708037 449855625
191924555 93402429
100696051 806546368
560491320 120797266
85606707 889331905
838752290 211405831
979712930 450393775
444140635 274246687
423391586 35381900
339883387 190490781
669738791 578372737
814550037 159497585
579421899 630615141
215301298 872547793
664743381 603382994
834814777 863539626
340237824 636281700
823620377 152464662
787288100 411980177
42348953 719631881
149055494 649973796
687963896 968104570
194802880 846373035
88422761 300663120
104548715 890426873
538747668 415425609
129949745 391273242
161781989 987672502
636915042 883306671
679695627 764125732
330868662 2407119
124875557 653970546
905341323 303028402
961056545 360729671
543943675 332122011
857203068 584418812
695636016 19408004
674319040 107919022
197013530 661003113
230343707 162969218
390128829 785557495
767106806 641684066
782642043 142118987
751530469 948061954
652554139 288724203
503358414 485177750
171793270 756995365
60163918 363819993
571801209 392118331
372866691 739263223
3402148 195923410
272108933 503758412
461822822 678135315
213277550 652291470
990340634 21132665
599296623 208373221
730442935 156680240
446006166 64744878
81595814 677510909
534354105 35086003
343361808 99747569
599328872 7049698
554920654 602437560
627400762 586349180
787911280 811386617
179242932 563339331
210678092 549518235
785466076 201996163
254788541 841471283
267441915 961205948
399818468 274761538
53791208 396929624
699266514 630540705
986337825 481398933
84261819 878547489
605391299 156199377
359364361 488338903
964938603 702236384
262453651 597694210
953800884 901643740
769848634 195706086
814722477 639044954
730840357 652085943
879794076 748083134
553293797 687934704
697300557 947317208
451358497 404650241
861295589 177196108
690771812 612215748
202903071 251751761
667934520 321992127
707368527 261304436
846355216 9749446
646571221 745980412
12549508 110747405
930775956 192358964
823877098 184659653
148810784 893459403
794492833 188637081
255764813 692643422
116967073 845654075
243319077 473685331
258396271 797701612
634629974 273243520
38878463 484654480
840638018 758399180
727812681 527791375
173265902 525295783
2590352 275757523
924383538 277672495
909893088 884857258
992948284 428831547
137312443 899761189
5447934 416890943
156753709 478629556
223114549 788031116
556573260 552031603
273857053 312267853
532817956 234631686
420643249 254216249
275901341 558365943
901557470 415996967
928976401 860245336
174055426 344350711
276357050 809053533
260517771 860131432
615406160 809877630
488767986 18349599
495756862 1955566
321868389 958540544
315285641 858744039
250096318 656096745
75923072 229220698
363866285 871482634
215502435 258971713
558795078 663085937
349689271 387061537
131617479 262693786
731066930 380495887
404316875 116205764
340590575 363991839
147347959 929935561
620922830 427969113
973632691 392016208
357766088 709472855
636462770 195184179
276432854 892029228
226773719 792982577
337269895 958035033
387590492 218183706
107461987 234780955
162615018 186247487
655453779 496447724
540401487 151982651
968312336 734793760
933854820 296396654
975402880 250177743
688243305 903142119
598786653 188989228
978420294 658710601
289822138 935545195
707660194 368831042
351147235 814873611
539781018 858136202
411435917 962936971
805404020 84332494
305350946 316845496
789265071 972537406
5171989 60656332
967783738 237971981
31174546 892359262
857754642 448029190
755084691 82130915
319580713 717627163
839771821 491170972
536150003 686694586
273037375 399049924
857341991 577601644
252708383 583684403
857210624 355933532
333175752 73954040
335453437 166680985
6844594 247392476
483071341 874933870
785466662 839150031
662719490 82007545
883089595 186482166
263722224 613686300
428816704 949856954
423528959 847480893
214803962 743010165
881476683 608293086
909548383 901609148
131155640 659237220
847121998 703876826
339434631 56764080
487802285 164136331
749044543 704200144
976999514 161842374
553501859 823804648
495247542 195885836
653804895 875188670
332462962 448463605
785915509 987762424
937855449 926965447
510682380 820749471
940427664 869537207
905646232 41731136
149405951 159514239
358045944 755092110
801968894 883881039
590540942 661452440
222759936 254429023
907433599 637950323
98675546 630697331
651585 252651236
286005124 477048676
248874606 570131772
598817710 873360636
132686536 917108508
494463602 700691679
18312275 43284053
230844327 249175717
3594586 226400728
325396314 59950804
661243081 504012830
285197914 592836199
434587515 341502413
182351998 712227103
635807591 45418406
409899308 344111829
801443844 180732689
795892827 932161262
192777386 678161406
102316250 497798153
634178552 455173019
626566725 86007388
222633255 277035429
524438168 472739270
211358928 170606203
432580339 259176155
440499036 432967006
346601686 601583400
461039254 272264383
46398117 16401200
643911764 942416391
362727796 282594570
675221536 498559275
328179075 186885843
162631236 167769970
93910769 384726031
319138525 817363970
265364000 551747040
641096745 194728269
211748958 733051313
268099010 390586201
110727614 20292960
144464876 825181141
996799801 157135245
85090741 719691149
619719106 235682647
578655728 808406984
998842109 854350116
954559677 917300383
729545998 721444992
883313555 52739534
602460537 358106314
869735598 946856101
111066016 514912293
397752521 319390844
237998696 437967226
655176762 418577622
797146553 834541792
314901451 555993057
499169623 614506840
598643273 142467211
648517443 548459469
407320140 117523728
125537026 499643284
302251891 480535799
176337877 167677727
779621985 351154133
556105384 500270465
316529429 245661572
142302961 475171158
508605936 301178976
914480894 388152174
292194542 447796346
978592778 453971660
216089685 531260311
820865149 586058133
106375102 932978975
357133249 637533612
516440382 966067103
122892860 999111981
628898243 783713742
354797941 100206611
230423765 272239940
751691468 308000210
469297158 887413940
613588633 131600407
383104865 636638189
79190262 866264207
231325523 492299224
365458924 191396650
163535696 132609035
472103259 362857900
865227070 154020033
867710419 337722458
860708049 669075717
100384708 924247953
871296003 870861157
191954116 654706521
948343917 622497953
565402379 786675540
997116661 437939785
250901792 183787134
795800592 19192415
318265902 566974592
506209508 424966829
155336343 415710497
248159917 812659071
389706095 30148491
161366478 429705138
907021460 580650032
96807234 447834925
299572569 353299237
738081018 213219119
538373379 769799110
782097754 463447803
31904356 315055676
965531139 721269726
58885417 714457828
586498418 43702684
322935669 745068385
543309088 761817730
105935716 34533306
62222761 459535215
259954347 634615588
686021622 876224736
279372849 747955898
463167188 253248636
65909537 934359475
897227923 354621836
613308817 124989449
987461551 202001110
92415553 386232419
588225171 873806016
293957939 814462847
673200868 696906452
370716068 181555760
698137711 713196436
117952991 304568211
779644822 869684456
533009678 716754325
477299319 189978497
674412468 288776485
355985366 423426813
547929201 257486331
552634150 504468933
48739991 355273423
226777251 722671122
968011575 862106330
336546470 212039317
845810114 256874420
798998936 417591794
865139550 865179228
77707787 336761395
252845825 67412383
339878794 394815733
20842615 143641596
969811034 816016909
153878025 669582907
184375433 552351661
184813701 385311836
893952664 785540266
291606109 672914834
243181366 495591
416115415 723822044
415350587 444870201
937237846 645573616
440619 135995336
989925944 662231679
540889628 91273469
597809215 298718471
547933749 639075376
224680769 7722723
752790354 886323341
362945744 869278881
187176797 212513697
844510597 798264627
246366992 298229270
425536015 575438626
975266383 652160305
866720016 24982393
889359386 511185874
204026620 811880808
260937145 956222772
658817193 327937625
411873207 456027406
203752748 415426048
51961538 920334358
963595484 237720974
504640909 269749160
663548830 961789435
656407192 658683622
543279341 83976475
541486823 823796372
181736261 877873997
841925712 460518991
201317579 132246805
871485939 790499857
218703912 299629406
184289106 329434719
725664288 16728445
923062342 983760986
554001701 353678493
823439744 228872274
821614828 346747086
402049003 969272331
224075412 396141518
129780478 402259486
488820676 713159301
598152857 170294350
97538338 833297224
950089876 229583374
865788543 701810389
562771207 87323326
417232399 337020005
457901734 706268825
637301047 132517981
498076191 295860547
129941898 377460704
400146449 315974851
550556607 514317673
130701327 982110607
361070580 861614857
162508858 288510715
480817435 485510993
703008681 536723422
68007994 210480693
151738250 87240181
231402179 284902006
578742205 280882235
502689380 998886801
891722656 837109510
21593502 115704580
91723758 41362222
779104072 402345306
283513917 357849901
305806746 812785512
35890405 638741467
608481036 461471147
879905842 328420589
63935212 442217652
150377282 567441661
318522589 38345642
728830377 631988020
211772542 584745060
525534214 163641274
874400632 620234211
126974364 281096532
95877609 453295132
248175200 244877724
593670824 873852821
470474562 324996794
58695079 469944833
129431126 614793948
287304982 771283077
845012536 289419303
62165592 963943301
902275417 764667882
598565318 92170174
368005918 91289444
447113322 777739481
595623050 523501006
281378360 841406701
564185315 529024573
383641752 15679125
428715103 820898601
675640142 272046620
353254886 643919643
298869877 292154862
333685409 725412538
798020595 578615621
143540695 274710556
223396403 311241988
547472339 729634646
825846285 339250187
628630816 601771549
694253601 796140557
358600278 229350154
948455003 53276064
874801528 410336183
217295726 827183285
505723510 160201199
336149782 341494701
124645059 988842987
224698303 282669442
60604925 747978388
906134940 840855869
271508950 666410021
454853976 46258384
874261402 122996264
841492983 123549859
268235081 512252692
124107281 145704551
795832564 251756652
464457182 634591525
759081987 187422262
333945479 78328090
280877766 263724458
479555295 455342803
729482487 785618813
675951069 96263555
527846485 752925250
677793380 527389869
176942678 982817616
98923426 325590234
123296656 829026161
614927577 184599977
97812785 744631767
775326189 835953677
497557490 14216628
873347412 241586576
967410806 373058145
148832429 394806422
354616956 900220011
266905865 939721141
324013494 901340571
898358885 858167911
735529821 729717569
408584940 522571625
210895132 101039024
339347518 707064131
61454194 954887657
922296632 419007471
82419967 164922535
177900207 905592879
306341490 706225983
425121428 64862106
968089209 744857534
920154728 907146091
173935678 221970633
30664776 996767811
618469700 984499534
695845575 986897249
722043943 696923183
979792364 302515074
256377421 477221728
526486360 594024278
770186676 743654670
326097 385214763
235879110 760779450
669731305 37833622
17997891 579564075
284591348 119052942
751649709 218040898
629029695 314293616
758661972 602957171
277454487 780513921
856409791 948175677
550773415 323298788
98075266 633972674
374319686 523672856
614169215 964473336
703782878 787469253
147706431 999834163
99531858 861163003
203271894 714338459
679070478 209644289
766689180 100705554
866803994 225602991
853563390 689799174
163169727 232635929
93669460 119773960
426722434 369779080
498518943 379460117
955456275 43846356
597013513 937229353
519411953 504964078
957965543 771254226
49394813 749182271
942184125 640551905
463111275 961118635
790227554 363539121
453048066 953825396
749085469 883471846
256425834 291889310
920788238 678993710
718978929 599169338
56255803 43891481
29331202 504403347
151706656 824711983
784244423 835094710
46532489 179885842
357446650 339784562
805202612 876566947
399987865 632842042
720185920 22622274
327553311 981761889
202100977 282453197
370384172 2889479
7544862 874840212
470329032 181411369
602834449 572350818
78967971 89019757
156354413 122193327
549875623 204602223
966814666 393431250
718685648 569702274
773384372 277549521
420206283 18918332
563309281 785977992
998833845 662979867
271355091 435519963
296380972 760212401
988112717 49926611
836178708 493983656
545921319 210133342
960932385 943107036
341607553 608246164
953187794 607996996
517291510 320512106
766316122 961130262
165367398 453676350
376569903 39625091
4811097 949420392
88549935 240678574
415140819 649003841
496348477 652777520
674510846 660602932
887987640 221227565
896498525 512885644
721801993 738266096
78423105 372869518
349411651 721300863
338719429 253767530
505444957 493115567
737198975 755191327
673718183 271366068
108323023 734021250
634248437 152685395
726740201 31077596
118253284 562080885
519474645 90274264
43679889 535392516
930931185 140193361
485296249 284802768
96767261 796851645
602965361 56982668
832410690 397994487
57373395 325562222
32249724 893445939
589960323 146751349
648412585 785808386
451686012 644783697
867633187 106210985
487484051 480996285
402006622 33950814
479692898 279875004
533364802 579013070
945596912 642726677
497645740 921643277
450002121 470011757
82314506 971155720
722950764 150465229
986769839 464029795
76994567 271720809
993336065 521922889
982766110 289193324
240532735 802150438
969397932 988622057
478780865 19509906
624655202 63651499
461016740 274161180
42443882 265965437
421569212 616757577
205932543 360246644
620143598 564296566
