774 774
509637399 756027432
385348767 781324667
796141267 142393143
652769027 410736504
937531293 100786933
585518382 152649295
398657652 792040472
464899557 349100551
171543403 905856749
633836187 865191685
870780341 288907883
871960372 846163960
744842347 257326398
595440977 930865762
250528673 298859946
85683434 743728292
873543340 700134952
252817253 256617769
806161086 985389148
269732504 675268411
405148785 919553298
29634997 416255294
526835736 496067338
505313100 273571642
210963554 922361855
399426085 621709423
787647994 516817685
503284815 436400457
400109698 328286284
191845306 349601636
917937031 38393398
76589701 330841867
471181262 567190724
718835659 312274180
866139101 687440693
313708433 91923622
402205947 750352140
891812289 329364053
441526770 683437665
992692669 360261799
368995220 873775791
806049095 127063253
953829750 392771837
361260525 176394413
733707219 570272829
399014300 699666880
893592087 79622622
901692617 892269396
640416403 784655613
565729685 85064796
141274498 950405324
906621523 7155705
959397313 802619313
699766660 861034643
222595803 373076848
637347022 785231753
173070363 522698881
160892884 938681399
105204186 59011643
146175220 50035139
279932525 733346265
950894533 351727543
426667048 271517765
274709754 375658816
312535898 324062848
24707673 775392054
45434634 666519736
444930083 410325337
93841047 677507517
178043325 475884428
710924798 853023483
734782822 307856616
611329381 640845831
520191591 175842887
737989847 604276021
321667729 135236616
84836158 263060097
899797289 70652234
462129908 678547555
686965357 534674341
6796816 223242340
483651835 361151254
791294479 158763426
810300889 648733126
747535744 912734914
83771912 297536274
31545450 825284874
429055980 60092524
942287130 201295052
105062161 227353349
59316397 916327674
685590559 125407161
690326203 790745666
504105771 973630552
979348067 155820982
194846294 831252461
948968854 869920358
937672012 25372322
830885437 536294157
466959901 335354303
638071341 168180510
826084900 571718778
381372785 479777968
162671789 409331976
314463534 432292393
85209666 276356243
951711089 498941243
311650445 333439401
265143547 245841158
954058038 497670135
926949835 701082942
212039112 154531243
19380440 231237815
140332918 83141729
229286123 329336778
462845644 736795527
672073745 689728429
209649890 381804302
251018323 270501306
698541932 522269179
37524822 22224290
570456307 317298686
67121835 801045213
250042538 656405217
462043608 974818102
352459329 438270576
155228555 601612118
955435243 809290589
100596346 935457925
745779404 594641410
24349252 435625116
724253864 447946267
916027528 265292917
315313320 56638671
651862017 666458623
551649989 575146615
409427309 493668842
342769751 668341574
474287146 621989548
266440756 82327962
546803868 199576427
189547420 332349502
758968124 45307358
334625417 22313810
676494798 558102879
905195833 933127807
800548122 423372265
252457974 69045755
159026774 253126203
616805120 625530665
159968551 66087514
351645007 474737175
853037774 534917147
229361446 799232230
410571396 939762764
485268981 888624835
48167914 393513713
776945582 640366041
726012814 494225825
32560118 180043729
79775932 816808684
98346111 467112660
820185960 545596030
749414313 261727940
132310074 272786142
540974440 653319077
678817960 782294363
977486142 593557780
612328881 363224351
573933488 462691608
975181346 494312813
828701758 804235580
654098381 580833165
613426262 90102358
58162754 280586005
388770246 536020728
426449073 908742561
960920389 859680223
460444398 134834244
401210858 856358632
287694461 694539668
444584277 772123085
865494295 438130111
833240934 555362305
767122628 93366660
358278721 989520591
188115815 186975131
156189743 789104165
897951045 201777675
84758434 826416221
626577881 64790140
797737552 219718088
351624440 574227959
244675350 469585348
342089166 730443180
25272087 505644142
658647812 207747359
422222187 906190809
205514227 177044075
579872336 383086142
825368256 659429063
428970331 56955969
356401786 742222950
48562876 699211775
699350682 896480524
964804163 90742829
744526894 79871601
530902538 211199596
348679065 218108308
502904057 411063407
215210385 611290062
999541602 207208572
762850914 465148684
981448400 139133836
907785944 144240223
883438232 341099629
75877394 318474375
845710041 221238851
817085053 173184869
465163300 634457348
123252354 768869962
91116326 126032263
761691656 953391829
751576823 529432264
142039478 336850622
630234518 876100155
758623510 16838648
501936838 827784385
75003965 287667688
920251491 341239959
403933946 173919059
336077706 801694472
433872727 413625119
778864224 267054761
333022214 648791898
322729870 804777534
86264240 321095991
733205325 880331559
541069739 637240174
278770943 569688476
920589552 787021476
219875738 595102453
644993 119531440
906533468 43013289
380005496 893406998
783508599 48037600
678533777 798591371
899244905 231011105
140342435 474604608
831558369 202622675
656016331 496241562
633721324 870638131
324864527 549983035
812067432 886974967
710527110 700613384
311049222 520485904
10682310 657362780
424040821 41565782
470770995 897418860
915091373 322545874
481054119 862397625
164479725 342149780
598771121 701131000
877328836 976923262
336031787 252102898
178357959 700686805
14031723 248470367
503988529 651906490
395103575 947958551
471032480 660969779
590730280 859852269
303838337 258065364
984692912 16547597
9076734 961166079
932573375 189481511
507445422 112187409
31601970 909822639
66500703 625888129
39460188 239164215
921453067 299707906
932758812 469514831
83299249 84513175
145633041 113067743
290473669 780872905
815474242 937691630
370350284 347211103
530270887 99519496
989120106 41493308
940697291 154356407
894067401 955402327
274145513 823730975
449438766 716612469
953246435 710165303
491794934 476900322
465801790 261560215
149386080 283667373
247085998 742637036
401837441 493068301
367844470 688128082
200388111 297420414
800502619 290203228
249263799 512870435
935066667 248423304
916456947 944460831
249212293 873345968
727796166 353344067
485000001 154179212
219043663 788565519
302021844 57833018
223331293 280299698
667003834 353449804
115424707 679509676
758832753 51055905
301705429 632001621
359547229 984880157
23514465 941608500
958927532 330875965
368549509 292768701
465420219 960752088
865507940 489590957
933021981 965859165
219039359 867610887
111835993 150347257
270284932 522678340
605612394 836838288
76685445 880059084
600238866 572077700
177681415 890484281
240287673 481670650
881496532 318478063
588835750 14427637
759943476 496310268
465390973 637928663
286836327 101822328
860275666 414657081
205249671 123504786
92364722 28524038
571982318 64236724
671446158 190206206
799118399 284399458
694636414 398119373
992808280 605833708
570826799 10717155
776672566 569756630
436696263 577019377
576969340 207609286
449239039 949837138
507105827 409038779
262824529 769193990
932344923 436119495
856339048 503478303
758263814 600473050
990606582 322266133
901351274 282777548
968820420 729454899
115177793 591236351
764765497 384703999
650583400 416542508
935496786 400955194
289209090 281261740
420692381 738602991
355422139 273778710
987910493 120196732
540834425 754269766
621516368 980112049
415846786 816199566
23573357 906584526
540480255 381126780
934482714 969082980
559672913 58029134
432927681 654197119
589433145 139186959
908369202 972538864
154082416 570882642
587911785 862719721
785043332 122108918
261255912 820662723
859020029 759013531
456403175 126564029
927842719 252942042
893287063 739870742
856528064 569798560
326469784 177972506
385828175 596881854
599794292 748064929
353069828 655804653
214514357 319047800
523044442 641357366
927286268 70859072
432124430 381065591
517272864 22340941
13404268 275940745
167659589 871198086
735574404 391651973
5644029 264306189
928404898 504562375
15196366 968876111
460933500 214025618
612322592 440368468
700807 687252924
126866037 91986131
43079969 379087959
294546050 107840761
410203736 509566381
968032688 752670202
326925685 303131228
702987007 802066287
314298653 385950003
157182909 291460085
674170608 650043805
825194128 854183070
856692112 402129161
506978550 869743352
106774726 312498303
226732441 189448277
87547577 66979262
94316786 100985482
547269881 33657016
635095636 437694122
407131682 864029587
52675679 882645421
305124352 145203910
954142183 249138985
567625601 61142185
494569501 278629886
996498835 945485857
578453227 479508341
560736408 94833082
256622133 87478730
234033532 783205905
636582480 964028247
431016973 464785533
99433459 317148190
723330525 591398376
833913516 176064341
153218681 415707828
117963525 627692721
39325301 624396115
923529390 272465743
779338046 124878220
305556727 75227204
911968407 706908079
96044595 60029682
783503308 332856368
408002567 655946093
581201282 370337452
843797742 480021184
493243229 887822601
26222665 502859753
104307378 848755859
246576190 247972871
88249822 539685415
809793687 185813226
140493795 216894481
853913031 906841142
621027264 668428010
60626078 756583803
804633276 874220222
486752340 81164310
86959867 391895420
350265062 453488926
146447241 135547619
696425428 592418310
516805495 207263815
421255632 637953721
740960201 328987187
858617016 222758469
792569638 556487961
897100467 271451626
916906631 400819252
835775107 737534338
148274524 438571682
552068177 742681730
803548101 480487729
934736250 651001760
959780629 739846606
20853208 337511185
617055155 852518652
181928240 603926073
714299036 170487802
635694032 103225186
860686703 983272689
478481480 535968242
470467547 855826442
864422347 45673091
64105680 295084145
353676086 410434045
898315832 595853361
789054005 98627167
110290147 670135348
870111845 247047604
210017429 297069889
446342856 220113503
349309082 804314916
484048398 261120933
726582030 77274601
305575975 198468410
674664864 509082158
775720133 513234800
776839377 606240484
889294260 594752049
479277663 922061429
283302816 484526324
499812297 200094661
170485473 485280600
310855481 921527206
595441202 318094724
312847482 113402503
295986370 269422248
508144601 536557089
247216375 941650995
264216505 581201697
815912231 24379680
865062824 872341050
809630251 527443522
856252822 36493221
895673689 865955021
965328609 972655653
164336302 283418334
852414747 979364188
154539375 970021396
229336715 885202702
142492937 96985407
939847919 860961775
745348259 89112870
500385486 513069431
151715511 424189090
70101596 91577888
745437251 208710652
308517095 655368869
283314282 734615368
755204391 697214609
927358720 42044785
597762027 300820929
484991624 294097021
907680298 961401194
73547419 198277426
312403681 83831613
501784706 532177470
918127471 738753799
727994797 500930976
544301560 271897226
787509313 828701933
125286686 354460773
509973733 733815154
221684983 335752021
390199195 334444401
824810806 276513093
300187831 879168889
685266005 270642442
701680148 67182250
522711054 996667276
934575845 602624167
941671517 335821788
156240823 677857969
131747294 507321226
544928972 276356323
212416188 668868984
595211622 284582456
332568283 461113953
502325647 767544885
7056894 49272444
17206360 48887183
685913996 854269221
638200414 786541585
294221065 881480752
176408965 914121638
828381287 97595568
25896092 491431459
596412694 56019098
554787208 510191254
265696089 67004801
518540049 341358479
488380985 95216727
326768922 508981154
142625813 148635752
192598202 699032770
134330652 851568519
913628879 683121883
747349600 646191894
704612534 262815525
833141607 745456328
660083856 167073659
967431442 873684673
167902929 251796745
433245822 274694197
927094340 445806195
954267676 167334541
939641904 269604004
552440637 262313546
24657078 440261074
844831055 892353696
292850155 562149913
958730005 476128204
332836038 427941289
911005593 653548648
932117705 627760032
558692327 917087581
404336824 478692461
12804151 544060386
904315525 380581118
196669164 185911467
115137642 154987119
592621658 150113197
975694159 780601935
722826940 206214911
95707212 546420637
451857430 633804659
776847561 998486057
609592863 458181520
750399739 331419743
486598003 683300314
224076973 945942746
586933853 87881648
133760673 305597748
942259325 435398287
476939372 738888329
127914534 517305740
174256780 511992515
3657600 101509978
812050492 815259765
753844947 653166424
466801705 532601270
231943844 711147438
809329656 309363390
564298832 208304894
565211231 610456861
416330085 930135394
8930094 500759467
536794417 824165428
934138735 109762283
787339993 556568611
62212311 618226651
645880431 9123184
12553864 105545936
634417094 226882209
888938565 588252865
413368152 209344379
171702277 804541944
841037766 732973957
80368014 868329423
573972565 558912370
202320782 747282349
407438374 756929133
996717377 686334291
817346361 410293605
774872557 680632520
766814845 96403803
893978467 127966292
101163730 685199786
34215823 970928653
626510957 102963727
541269026 965496432
473151895 375633854
813596583 741597853
421055681 391531864
662429680 792611579
241558024 983755671
510497984 509828475
371178231 191573180
39455357 294379316
674505149 629596380
761356872 842319174
613247043 968862177
570714306 560125383
751978394 553046103
364626925 993260914
102682705 918699159
622839172 346109021
655197721 389783249
192622108 455305122
280323451 743037792
204367472 345723451
701418003 292070476
159780114 567541080
717523672 694038296
306592014 378895863
553806043 453660552
863570111 808992316
140415291 775690651
246765244 846075732
59863195 504395452
158826389 849533430
430695589 285151614
390775716 779163806
152746507 117973956
382728490 933049715
993206210 523157237
572675693 140722299
38671153 317995986
360648572 174657836
715338435 20041774
825029384 439280093
996166965 10628142
426036041 265464331
172885418 342141411
515772887 157782305
662371522 621675978
551055532 875004954
454221653 345086381
724845368 585486362
907614561 947087550
879852207 406142572
755452992 821147883
759705915 986709895
976053537 284378449
975538596 269338843
760082794 677458836
930797942 846270865
440965342 859239753
887582253 691351813
195017995 964465589
848719042 938198894
50683971 103884527
847666647 669566889
744544958 904750266
972112512 931828547
387696238 395280861
298790105 525778082
559348305 252484022
702188246 604749963
120627239 354065737
716956411 14911893
899662438 540308980
884507606 263563458
673791352 22457839
835175253 249035531
385181321 596784592
936568864 709885287
664916144 821930554
535557433 993602634
693839918 849299186
650559780 2884693
790286889 87999688
975251336 353222133
57135259 392325567
986497122 740209773
182355172 890518782
147636428 471060083
995738330 141889766
258032750 679681081
877667606 401834326
315875366 315344084
479740395 717229996
201470598 204852480
297783485 624063481
997646350 831780708
977853447 927803364
27864515 535288396
383507524 987668557
12679989 404878426
90210362 741238287
954843228 511652102
577286418 403982869
634567362 153400337
481680184 534813921
469712142 699118262
330190828 580132162
192876906 4842944
200839735 610429478
276669931 673896939
583373900 49985450
694924856 877125563
93781440 995404336
349827069 992808221
543652251 783245550
540375515 897147904
21326594 738500532
474596602 949233947
40302114 226092787
215840473 279873088
953605317 598847971
783090790 155753897
817535194 798191621
