567 566
93753591 84859180
274382321 695536818
133958134 912270451
987675681 812003171
933623546 191701277
419284026 526901982
51272540 277968070
328938884 347866015
653442474 500356088
154666520 569080933
593967445 924139444
656670831 659347887
134670911 586116288
458927438 316803660
477961891 354069248
598480488 655311257
702423836 938633726
775837436 395785681
971702992 336533875
409262394 199204766
339786685 564280947
459879338 833466673
374427431 256816594
602507205 153625814
916903454 623335858
148906468 453541439
839423593 371918125
637412470 841345970
273087616 219030708
538045236 561485325
160110724 262942327
782459777 67307366
208535840 489005789
537968135 964246598
183111451 623490566
663687140 720098254
316940239 699048343
878026178 219629537
796218528 128627120
128343458 185117508
559930654 724220704
515887786 148694585
150893924 891348772
390432728 573221739
985972455 102681908
332263917 908230940
485999855 292551677
468331325 842038059
106086119 922160314
767193366 120005246
735040984 694905295
880180974 161861758
331882144 103223596
417271316 91050046
420198383 167516465
738689345 880605897
910939073 190870180
719576638 79512724
233915019 650026775
328814043 707162072
419496208 786214800
775947640 431889204
640802907 726437266
15628699 478852625
524034592 210172929
313072656 946623551
233632095 205270360
197310755 895183816
213069423 646875711
290730282 117937160
850697111 419844471
678038778 923422442
147979763 958925904
238302951 402747618
224714583 140710413
918108761 485214785
253014628 251670437
381588984 64416637
337864082 929502160
31460466 634246668
589427777 502219748
749266404 274758741
283767873 685741709
398452287 210185132
899209108 753555966
94425250 544705385
632096042 138473312
102569293 831450314
707936862 523892978
24157376 347248181
904879912 1287440
307705795 308354145
637228439 376933565
723421790 809214930
788126694 72105740
664315619 626147453
427335816 627929154
559249066 591478288
241239351 905304002
225854613 28675328
169745573 268952205
492421012 65896551
116108970 434145778
721137984 61854762
580913958 870369614
278625389 679853362
272040750 194767847
896516229 736841770
267853056 245791996
511689173 562026595
228184954 773817952
955993089 19241516
895138667 974310562
437707919 998190242
208115812 15726781
753027758 650285276
376218452 185044133
915878034 504251742
259849666 749376308
450264537 1831218
167774931 658630639
597938379 496303026
454611667 466697332
797340962 633273898
520036132 625632663
583412806 553281085
752825789 828852185
721672373 48938252
925187490 607460725
217338409 27698182
478076643 187252097
401224332 916217100
349036086 55588889
270731704 765714953
103141047 485525276
398116601 331387998
716406739 74580084
550251670 913404132
152425316 191359657
606781345 255439335
492064443 662078668
976910277 436752034
17881019 224739884
690166063 671494684
799269081 939572297
394722668 807484212
323887016 730846020
829819513 267034434
748579770 946548312
970944209 904450650
74514104 152124535
803132351 914559918
136235874 109798392
22737946 600187284
337936868 597899291
166464114 53443063
49881985 226040047
188760614 25811544
161619667 666221878
92149196 426347115
47846336 158110578
682911208 320192772
25849708 640274120
689867946 654961805
623067254 729322034
410139137 107489512
8832199 864596221
506022914 261434777
739574821 834721975
825047356 75280382
947292765 980474557
539880329 405469257
468524818 429589029
13865777 98850083
981451477 594877328
967339864 330492093
736061038 500017445
86527745 438118076
266798259 824847392
275031323 255834492
184485113 355165531
550006124 487930149
776391281 441607786
607530440 163691095
272978292 368752391
565043904 724477485
281424201 978065934
541709860 216983952
955835112 457851147
715675995 267200803
420004951 111134838
258690987 238720544
306005051 671224390
906913212 418102611
910610387 69789889
195222038 11656819
420925508 876943116
807992318 671112398
265484534 204376377
206833434 586365482
202942383 681817809
340159021 582460867
722562977 36628870
728678143 374051887
904830065 99248552
23684107 987091885
473131491 991267235
615804337 262617571
879928342 554332632
993218824 661813281
395290445 563003589
171498273 925905511
298444112 920278452
480380627 169376884
366949941 313352966
743445775 785195617
915632493 661420032
552268320 896990146
204611389 400218041
416515466 916921749
576997245 977975765
47548067 107873263
439612395 844662064
643601892 729762206
967895197 23906991
933139900 334019296
69307964 157809614
665262175 135893015
180464975 742764157
745546843 431911798
821144128 54929457
520252065 336934837
197529230 228864988
29734406 599774885
693869959 360412108
525202010 921991384
892044893 374701430
973022505 880730351
508598607 170619639
671027414 8807008
36611830 94500955
370234612 467621921
917042652 813334595
497168253 718821996
775307445 508708068
976263330 112119427
258009974 226560378
39177318 610449471
25343567 518235443
870212270 673969643
110401438 961340658
143253626 996733116
239267107 451739005
578870055 470206419
11738765 359565612
818320845 711698843
397696018 34866268
129115226 282612827
322664503 149236113
437797403 671662248
706844860 759160683
135995026 307874827
808214590 460920336
735143277 717127867
81779357 623783510
544612519 617352731
10678750 488283914
123146534 676386658
699482381 444882421
780028433 65174349
484000518 818122599
326485920 423390554
495244475 792071825
401531159 247225790
643695355 149721005
885599548 154810583
734326500 509282689
988838569 531044020
128442192 915943206
118615807 642740201
276086202 316377999
8339511 581620533
920102573 124950449
587529066 998336250
447521743 144309789
566948099 325796665
984838790 98041137
463724386 441104640
673552294 813064826
707691807 554816381
729084499 290967181
268265283 119555584
426953909 525065680
276660198 794492404
984780169 906140376
785227119 13159723
708447844 744500052
291975367 706207026
149174621 727947957
715535635 215678138
921039282 333895816
489899728 554444715
484841718 881302577
298229045 201086519
529386022 484761196
217813092 642975715
549350218 600465655
952025904 811738359
749620264 81076947
536586774 116225277
369287094 424605379
239363878 60945476
899691712 770299149
749672056 825564487
923336267 520749481
800064336 836744562
648834631 29573716
77977103 420713930
185021055 560801342
779870650 689195124
475404321 803741865
197060444 877452319
259121075 266118200
386318606 456314132
442928840 538010277
317162970 230394468
278822202 48692201
991711446 281201363
42213223 982005856
624868508 361583574
869006435 906920287
456894122 59948239
850714888 173821335
748767421 2240788
686720613 103781890
771494623 495506422
903353083 545250811
140710781 809410242
702515643 997096411
935114809 756856847
819466402 270986629
194173128 777183678
666522222 235048176
496800778 689824165
143447044 954557811
18474283 74346634
776357670 452828545
958138001 770806918
942577752 741349825
134755738 325630166
295954253 956702536
387874925 765442109
56217016 554926903
41191943 66150213
64627213 222217877
648571753 57454323
71450097 567707259
645579626 390194693
775573912 25047375
160933826 277108285
407732653 67908296
250328784 42295351
223050561 51637909
530814548 774276971
605467560 680045231
669203712 607052367
634839465 310728282
429115732 171481547
950032901 294357418
633107298 465446159
285388441 60713175
276046892 311306876
642410121 421802388
318983323 513858253
564388015 789091424
731500916 877236565
46292339 701976708
867373831 727875933
929602100 633597231
114808304 489993790
621481732 766829972
923371346 63541575
921399635 714731555
940726718 105851083
777781500 696246390
634305224 848893040
585912723 454197627
118665609 716051202
24843657 438307037
854412046 530005417
788029881 956278360
120371904 903227756
16716614 394408506
380065695 450744197
343105501 816825837
975465222 293143775
988215364 995923320
643287816 435334679
264708349 860216902
700085269 157607960
545433728 561293451
862903374 224050053
812182766 196849174
507014587 74184526
318730816 374916840
238245776 923336706
744080614 372100214
513383942 123462862
792877427 933158741
168511311 346382646
512822551 201424652
176875767 415745864
394372347 697430733
690807989 39583417
839877305 982304548
750100789 791764147
785540176 987348724
534234132 192774021
652522951 915573849
367772397 972628490
402800367 31215804
416457680 542220165
29833347 278814841
863314099 443480200
625348887 927143542
771312005 119272305
987925364 156720756
55355165 415432434
983398102 58177712
348026067 427935589
494612900 714025034
801505278 324565789
149287727 642273715
706720170 462358649
259085559 470456626
588794990 374274027
443927928 954427275
653857011 665933549
231804563 452081845
172775992 25467074
956167299 152504660
972996020 902156672
972023747 276990299
801052291 966299645
505813892 20156129
973968528 316526583
566188562 30846084
759947814 938279085
984067271 731765370
104902264 986738486
493730750 464251296
90946369 571540918
739420363 534751407
296902792 552905577
595658331 244788955
804756007 304081619
412033865 719724669
409047590 727535627
385148212 421051310
328286875 977066587
861822144 945307756
249494094 8108970
777651865 482754471
54158765 424308251
962592816 688522092
952525751 561001627
283368125 769810523
135368024 682100204
187185306 299004556
428334265 727101713
296127957 303527306
11671544 510774801
873973118 71306555
121655598 937587446
386999036 216239485
627955968 874282771
778340720 420945557
379063016 329882725
269350491 425445961
423312443 102833818
628513723 56520379
271094454 220208380
376818037 190914029
342784774 649160828
984630921 141323974
667503337 786873801
23286324 435143911
5470679 144543377
405735853 446146606
214011510 12636790
690033331 230185446
507135262 576013657
666248223 203924203
128446101 634738420
590527116 295491326
310600048 608347307
392828421 172799914
301547848 126346288
821224775 571792573
835580089 976855534
237225995 896957573
704812680 60321538
393799026 915024302
533235952 318079882
166726297 794104751
148604657 194352470
49288096 703742401
926635477 855318077
860173256 842139608
677957682 754633965
861205000 902790796
177042532 493702976
806081357 289809993
248435683 255093302
969026277 180107265
71321168 64857321
283817091 521862327
535068228 507844257
801330423 950513141
437286536 381199067
434412608 263819080
944109137 446296642
455050245 199768683
197705989 696557687
963134702 354296000
667415863 589565285
878797200 877639078
772239447 69594988
816073406 53443423
588441339 912414256
130020307 704243018
715069732 136727556
424319530 788457327
888142132 277021828
837732639 51906250
561621741 20367000
531390412 650752138
78173283 910663311
475930518 887717954
211499257 75056835
751428197 69095090
829012313 690215022
649202986 927331019
203767814 222680132
798406817 792531734
510455812 818671103
614679618 455168496
556168235 487365266
130532266 685835327
156686368 916517050
984626657 762454693
617228313 630801803
1838053 209085301
404704028 864380196
177582877 773777759
781705532 135226209
795205591 333543526
60661312 718195214
275299360 556197323
223210199 414163681
348256513 411058720
438110902 470197052
402660028 718070005
890029597 682248024
791798699 943244833
31286958 466339485
136887213 166796121
