3044 1427
4241652 902608379
542001067 944260279
154777688 751080541
533303524 835999664
268008371 974744837
513998614 53999401
898338864 969508904
621773278 320792705
581010230 92241425
650358163 365509114
175104795 497027737
77720507 631613090
110536215 393798097
248331746 225850763
931163052 964291036
629492826 715053248
344508458 374599060
916724563 377058845
462583591 761890877
516581626 6505186
780497632 259873119
656047980 372895545
953846755 789561992
176744040 629770051
461723667 563992284
443049041 257716297
257741155 429473464
886207562 550252613
422805824 767091675
414819912 877063028
398792859 905489349
771664491 478296333
196438764 139840047
479780892 990394
741325920 190412962
374979591 783690658
952979859 626491535
313838178 448284344
448283043 848120827
119947540 825145495
268963425 215651686
871974530 695173222
746016281 69527281
813362537 260677369
519409391 772570280
581700563 465285908
183326434 300642558
256342568 729862208
546280379 664048491
538844839 13764444
405560272 49227355
557676552 608606825
935833391 943352875
577907645 86364218
816947877 505980946
65029499 988342233
96399633 753458510
749786042 953279239
536157592 8668526
430658548 452441715
961843025 457503696
349918075 241223947
929348633 506901583
36086173 281949580
765865714 631073803
586843239 554158115
659212912 40509937
928488684 216616601
639309923 209590062
163807446 786544956
994316065 658035177
870515998 435927033
75879037 554985352
28542238 685613885
798631148 291255465
993950068 658088523
941117449 452667396
821313054 978149202
756616936 191883689
539865431 760352541
732413470 401677675
70150786 477128672
557756001 248768445
836336188 10260493
630264528 826081360
92375680 363700444
611688275 28093150
886475169 289941971
700042911 916326475
575076287 554166629
318244030 399338352
993180441 245937193
904902891 885059501
411922780 744031753
547144677 269127738
394461514 645700700
392604992 280408323
614654147 628124065
818113843 262624697
750719095 251615916
857729916 359671221
536241521 23925764
831099268 542584421
212164216 587886448
698987190 948156449
622782867 504562761
483366343 187602034
372468247 197663264
427483608 517628831
876116757 963596462
227302440 965420276
883630943 923232308
951679196 619441807
917720285 944742284
689343168 966845753
603076229 878372065
648101200 933186955
295807372 978510652
72057628 384937667
662393515 812224043
291963926 411348689
165802792 708775105
410383076 585308388
620591358 235408094
621971169 133330917
464151134 474962502
685239798 252214892
270012510 325146082
321282362 610647384
27424690 828096822
296945301 320458357
102780947 544491204
865822647 753643967
797783567 704163870
43738874 196931252
166576535 189133011
94639170 556973461
829955935 429275453
735503600 482822474
246517958 817951691
352174798 34334785
871800752 610322052
189681146 37550910
515694776 346678623
183524389 459530866
366590725 984006126
892513398 526248515
824737639 762893886
890394798 373104814
50376640 750366278
750296859 977692847
559910624 817925983
383365388 862979775
670513212 329717791
330732649 756025690
68005504 780892847
414094872 830510944
983724308 289525684
167727895 123753752
787347852 705543790
824603085 574799682
132806782 357237884
330235914 438984490
129972360 254752719
587633165 213363345
699696890 518062583
744214721 316547742
123535435 295188322
313623802 43128532
852620376 844041207
258561665 603731992
511267214 941369579
385515054 661406239
272459540 638354261
271205388 686600139
149315388 913970912
933522399 398547297
410033966 200003034
240692797 130127199
930803669 194604502
554762012 475218872
425431549 751913702
298317437 853627168
227829657 385349671
513869907 843474257
683127135 899098456
28751983 574190193
42482976 100301468
398060611 488687868
42323221 528006188
724799242 310257087
442282652 612206677
457203425 252066765
774854506 220268872
8485426 507004100
141810110 616252431
65304293 389618506
667884867 714749884
964476982 800526291
507413918 318135823
384295836 772504149
927024326 779993409
675429878 139860500
791096689 62627214
74655239 357137339
214498834 709112757
502650358 355450503
583009016 588288983
286500034 78952511
551533455 595365798
547006626 127419570
877739453 29489434
774884867 442843314
154928330 873771481
846707472 524508662
531056888 129097244
638255417 670675017
706245707 85260010
380676409 61278049
776020369 172369940
483712371 206840656
371388836 43704043
483220921 974289461
262764066 41376884
611187685 254841601
306986228 483735185
993812027 695754750
688466724 470908680
797392511 233505336
64829870 15475705
807441409 33788172
79056325 590454854
763593220 366634031
196420831 475704442
578913548 757682025
294361663 80813822
243397393 657001845
722163623 137580235
983899152 381276933
927226942 289869931
177279686 957813738
877012417 83716742
167110684 171590436
305756004 927581535
456286441 474477043
922636120 250575347
351305630 6432997
20721443 926265470
29484314 521880246
535696643 974349124
67077918 864855437
298015090 905353534
138573253 470755173
331849862 433139573
924692449 365315634
164095333 479761651
689134983 347166794
539311516 623107275
35241562 307298629
831852330 788237822
347319508 16823017
530028684 107151666
723933559 565276123
317902115 701274910
333625326 946895873
930210653 559260411
764164446 894781337
864158031 358691887
199431237 341413765
635855072 520678999
626278764 732331261
7483862 281820240
5781615 705034532
132220067 785924717
187889184 929565707
609543831 350848837
804509984 75115848
84287353 788792680
779952802 4465975
579345930 349457897
511386707 408527227
198918231 25102637
123794768 441774481
619144185 928574249
565685575 664521700
935626766 586752769
797862079 179904958
318570675 608295910
595671436 333919353
348336831 177585502
471011847 130007507
324948919 31748687
60723473 448674507
833080649 922512457
542010717 911609029
307680677 594782961
726502316 136983855
749475888 565212484
201558772 400970486
59097156 418315483
494588582 738619730
980511030 498419750
482695917 229854585
135220272 202270101
708832671 670268963
72718987 86449914
270564331 762280926
968372039 572540623
735955454 385889588
632155215 66350998
919675030 743279474
386459458 384147919
818302430 628729480
522154222 179659509
987016026 696045227
14372088 485244018
871047116 947060349
421821989 499501255
851581502 579543978
646956712 281340888
447941898 614333900
326063953 969373779
460112922 944087921
876601295 84392920
146830274 7431888
62523259 639556148
197301720 642154016
742154778 576372096
966584410 902634740
308751126 305875819
598278787 863947335
929106940 604942687
188812909 266466073
863640763 452982280
491233716 865332187
346135599 328293136
844466903 319597915
954669069 10218047
488297639 558986186
731730677 929151355
270144668 529381677
660245071 703879704
645622267 303803094
393755411 111113430
544702118 412430982
177898836 677106940
370123914 421648136
283224213 264725781
776673973 675825613
794200810 727591495
200946622 613692324
166318347 946082407
51673603 210231613
885701877 352512422
841418349 696871649
82210601 291115679
45164048 985235726
967136588 757755220
771234360 318620595
588811009 570816913
837106620 933306970
884251815 377916012
449023942 995572596
158977494 10081642
412045631 958585434
505342095 403311206
688829174 869112441
559190750 811631973
862271230 779109673
746999189 599087259
313214984 50110654
947703291 332404238
580906717 524481131
459734782 946402834
413970468 638446041
563659930 344492495
949487941 545925302
301168364 306759772
87585095 424922588
329452284 170356139
644662675 113566074
133983549 872236118
128964108 8059766
997693102 424018536
821996429 844332782
359302290 499636140
680850326 85847503
52071135 489149467
267261440 874833703
723325356 430577927
730639805 969941731
353017046 373073358
570368461 891817645
887570201 597242914
238116794 785290455
774804796 485113309
761369236 11412764
190490453 505351621
356488342 651214851
634883482 647767699
398874240 98316142
673519841 973673130
612075995 201934570
44165091 890165651
185565493 729892361
720128877 204142799
857575655 429943125
263081551 309666219
217336104 60770388
368992069 601648866
344490540 583596612
325771045 315222841
42778938 536594034
580167726 595987377
989475035 237268925
994934294 445787438
626830007 592172949
368686356 183168504
392062314 85252497
5690081 409376977
112463372 814410239
715969962 237319310
689800699 931992786
70775975 167756019
305004853 676909496
863960731 239068409
941464344 366641795
387168714 385724363
808301513 818592285
173480343 932357721
142660207 297096489
917918555 430027391
420968883 463364576
938942466 977210738
580433555 255854137
712430935 177388394
224556192 730960577
749795058 100875478
385954359 159460711
484217892 318039288
556191763 431744921
508721777 205509175
829252475 984228867
486135457 977494369
511379277 460669278
368659003 800266015
245269915 977944021
788080425 928531407
195829263 157157082
480885570 37159506
406515725 724612997
50470570 378722888
839774849 795511703
588884945 948660425
642362929 877845501
854497486 629143095
422987443 813009089
100378275 221348634
476228843 564854334
730201288 168156755
425609039 299715997
701321675 532270308
779555080 224260038
954874469 447340709
417121080 777152516
971267697 902259130
729968962 875218850
609216878 272264335
649807946 693079004
979768639 752504036
273874055 786149546
535363417 165734392
733028543 45946224
832300637 119234306
208540691 800948795
974523278 907346568
83782568 605548990
748203582 316621574
472180921 898049266
117828492 758357809
460319887 10553195
446618637 773997141
28212594 743174563
825209306 911471157
685561261 569203854
259350909 38192720
748237118 402025607
765535871 896194628
201919993 478629641
868457937 408390177
46762862 51462535
849781841 864160034
453854933 976452852
560763090 280820642
360745243 307205040
915416108 474609619
700163154 136199343
711038194 457585225
733793529 474372958
571531351 680820782
123454501 841400415
275984702 931978596
109336409 707323662
631446301 417878758
511208320 310623010
944049565 221685698
901737426 602913189
933214172 977424201
253441056 773112616
299170277 768394110
640779377 696598181
803901087 535577353
361872207 487741247
915745158 944413712
798707238 497973345
395398585 327243629
728102642 992135232
688961573 297843812
754270902 647303268
233933714 687212350
599423021 205178431
181637386 46704151
167703100 437525611
879138084 515302637
988871335 748854804
63215624 57477088
386419924 773945090
133245756 398964110
563848550 476736947
831257714 852802679
958932566 406056205
559708604 47144142
176385187 737861436
429836840 448966464
57097461 294783357
94536263 492563049
71170205 773217679
928791822 275405646
818218920 231808058
913691683 971090053
763127338 610584351
803166794 935657258
848648570 323508843
345434953 810929930
954718557 171927195
137514742 237206470
381060914 141469494
565733099 168974563
745618302 654986924
316702813 514487326
215284063 729898815
466957256 160040419
28019490 509587021
571266492 19428871
322675265 940892512
173426123 260538343
777201517 305053444
873397494 356717769
578953726 818861095
930106762 172412276
32953422 449837298
316817233 496489403
910273760 722608045
667517333 351785684
185975489 806586618
734712411 550006417
76753801 368021216
791997700 588927371
953157759 567008604
371420803 606562190
798417485 535186095
973693746 12656124
299693852 501682724
206066975 806046235
482142724 130623118
967397485 711224093
633447239 839353272
377550481 736356639
488511840 781020521
266714482 73841167
350865204 586451480
648015102 741442511
715353246 308412820
405426039 722880494
371195276 941486295
555273602 264519181
854925281 468280207
647320736 389782951
889564395 513721742
973544860 802477991
577973904 17736936
593601787 58513406
2467828 501137094
759643533 543406104
817258230 288975981
605937607 638519865
671528241 969416386
770720415 580321325
281777071 103938806
625187807 281775195
967811841 884311368
900514904 867228436
864722038 175420477
80116336 324624943
371004589 113137334
947597616 72197000
625976513 350178427
730581683 866497320
132796869 823574638
726124302 149168006
417225576 4638735
825533802 871880116
937651303 957742857
622104867 461293465
35439216 453054373
98606949 238973852
519038215 557175798
558846033 913912211
653627821 759301307
592917012 146008108
156316935 386920918
220823544 549923613
18037735 449224723
571251911 944457515
671070731 632652309
823953604 978801590
62345102 579557594
369955331 392677013
610083740 655829196
10453302 517802313
272883461 785720563
385685340 441446018
437013611 330901854
99058824 745918703
23361809 398673780
303195115 916678987
774696399 81788632
257184269 609034655
932628134 287554841
20893376 818906749
820999610 208712013
578377135 414490624
126619784 786400763
796286426 608577927
483345783 923502489
877640373 65801734
25580149 172641199
272409368 412428738
348335501 987160767
389122845 201471755
480343416 493697927
477781159 22685348
801814042 583477826
131370015 730423869
863980954 757998779
135059265 668587800
226037859 753473155
685480840 744120102
980489018 614111866
769266855 986548347
378064503 967947870
763183551 503159955
470297929 909875077
639786031 157438387
29893222 145685434
434442831 855601024
347418652 8095656
602975931 21273044
67489168 801169599
391626913 791396836
894981634 561433794
20574937 776626376
268888412 920363660
625006333 293405785
50350511 123324998
848054583 492858693
673260276 199615653
852738037 558578183
434909731 782578781
356535062 48897917
143175977 578191373
298908603 935331068
261839437 780610645
980038169 918077933
9918813 974806483
873748919 95435766
890814852 960815815
101648509 860486694
244095890 422421846
425161306 643133015
887588219 385487287
687184459 62607380
435131645 143437729
394167455 226166342
239860425 939477258
663080015 510244497
36519827 292025803
175721829 129302406
337095708 280552554
456348538 670693810
598089191 211854861
870154719 522554286
832598743 477260707
288245651 272668205
183264623 479506728
117850099 592829957
788050716 835559756
403346732 970010535
783401700 54022442
60121718 376905629
943149893 721530292
435009644 197025507
912632643 581554166
693973408 413540149
320480729 319320974
815956416 25210332
617590497 202268074
628299312 939056595
515984535 559608345
724754785 83610696
971886209 40159242
888972926 345384338
802417135 513121257
489486997 88782893
138738686 350758276
537438772 797011371
918772841 293441693
189102861 375237909
471883305 581751636
579731160 201788853
691840490 417172083
66117250 80857837
229600627 720582981
474061584 213127768
265949233 160046842
761244735 529667348
20527483 527393195
65003024 630699867
121630822 756752930
518920063 652268494
780666363 930390397
198478867 714172965
783254746 497819255
908204054 943113385
356409034 128031330
953877156 385897168
42631407 625960505
301781207 943436667
501078570 702055185
97483208 908366826
654349594 255192595
648972133 413988567
796243213 312382374
47407230 568138408
525401941 706427772
37004820 994602839
282498928 226750530
702312987 696046177
30629687 649397132
78114433 245836207
102454616 372586024
615278482 583207021
728205455 192405487
172153865 171840133
823283102 803943140
558060391 749305289
984013060 271315783
581886901 647689666
410545319 583122768
782200918 278053553
608191262 809152110
327483282 48164164
940189286 321018540
689449391 677535687
390966952 315609212
481089264 438423278
853698220 394299181
921428993 771050138
159170955 347749113
549214393 723866578
983239732 616445410
785917647 773364456
402861649 620289425
618070250 481957632
243098256 418957101
753827463 917430128
123166736 824978651
86814346 1592967
323808465 584534647
519829169 601950005
908282636 523859252
543498762 679491238
456620924 749241580
495337763 832353419
888945071 118043979
504771847 179918343
890281278 780736622
464470310 400750558
40397324 92940052
582455528 943360057
568252173 471358530
916361505 427133190
140311062 245681776
188963648 374650470
984197386 659558911
955268767 855103189
476756311 540010112
946492037 393424194
892986142 248658277
184078001 354531400
233020201 928318475
479139038 271397278
242335334 673619297
226971147 952182549
723657142 226815721
297901135 451617834
846953618 615315744
593437290 581164290
139120717 23915916
279829045 470377948
195093153 177578271
518841084 566619737
204594715 50870271
60711747 724800176
698470159 69641934
594438342 885412527
47745924 791170063
969308378 968133575
270709575 38767773
410755300 750419934
266708990 366139104
886618964 157788033
346415503 451528187
753686609 540673471
114736767 536381920
297543660 613831704
460276644 864301880
593831215 376341759
336113979 640348897
12297533 174466500
898328602 776223081
701033249 228415463
714279521 345943397
170964867 885383758
347280517 72307121
378501554 932608294
426058589 274124071
319292449 347258874
120197705 193509722
982386167 245211484
5887910 286912277
895790807 21063406
745352739 524954905
468487129 564875187
521429170 78385419
513349477 253998740
632461541 336741944
824295825 973000101
216894374 140813539
620018768 920635120
930932641 817221527
234205232 387286982
874901501 463083061
620901547 286838498
142129796 345633152
117691919 910164590
623267347 880973929
904253184 774570816
107622565 852585435
427372530 44578835
665942839 862732037
418017524 151774164
188044642 496655607
713063855 353290044
828008265 11558761
899077744 649774090
176247359 122211692
777655049 265876621
996871427 478692310
56379432 370096504
650939727 949838912
86620949 919762854
333813297 526026094
654712484 409482290
810868248 396733539
536381157 125239552
505726741 343036677
904031913 97686251
939076039 140421673
745107955 823969939
798659381 101100351
715947264 27346135
819689542 653325611
200314858 69735454
864575215 242326661
801057970 489933132
835671587 851868843
956913768 374288882
185545847 692726217
639327164 957365780
487720972 156581995
633754286 225319815
654234916 159914502
772681524 872714864
98490583 765453458
14802042 306391051
418742412 988291292
246896646 380496612
886522961 299365906
148229744 711045944
741396864 495149660
54130189 532138672
737737317 718933355
149818388 255124743
356045203 219720876
884631480 227060281
187966090 856055853
493117704 835899175
295375414 826626918
995977454 35370861
857177436 906377002
47749023 95824355
807626324 624412247
472710991 885060036
525143444 731044301
973746746 993300920
323110634 919963640
847624565 955181166
631162762 811829200
48736365 907868067
532417525 19526106
277084323 317976670
283759813 846183542
742126988 570177141
635328299 513540573
735883242 343794674
314366944 936317912
611544913 649217887
198856244 867520245
696698166 73170161
226934431 440903198
745026521 102976186
141979353 731548863
673564640 686486048
76979232 569360108
941017215 594736051
397367728 464519147
807229179 851949551
539831238 525003122
151500634 885624838
490609953 229231395
927621743 454530514
809998815 739886081
720667031 762106748
607503732 774767604
860032448 870011635
373256728 557350381
551610780 921116896
411435938 766915980
22387055 561586269
326650362 17342163
472404672 861661479
979049582 22184930
318370858 968987532
935567474 344592577
269084725 56726191
750003974 89992894
46072856 111624299
538532554 411719986
444517649 572146101
257163928 348747418
175426548 70469848
181073134 672505499
414506848 903403993
287299926 402757020
459801178 397625707
723544577 683459862
374717136 887080470
862707010 199938434
795839161 531795432
97109693 130166864
955395036 686486332
729963376 767193177
158050357 440255332
437926517 610368102
110827833 632349334
629916870 538921249
223264187 544329752
188998028 286547982
956758851 675293748
927409318 278969085
652381328 188583074
886052201 302514779
970341846 741517452
709561949 507437322
740794276 623144494
827737112 264737989
380732881 476835735
146726083 668688666
114896725 578941118
482410769 982580362
377137809 182774411
129599427 160706336
511560951 492522630
774699646 36279907
83454857 561034486
797518017 267532957
308640763 586114458
807776554 534516369
335526824 849752617
991682774 369982373
768979847 642024608
309620614 424676533
66338139 304477734
828040756 239828689
394007952 137904229
791028965 576896127
500047498 498330285
915095786 5283608
458505509 78503479
692905859 301869865
790329659 246207672
44531824 602289379
815298828 103304461
366487143 911232664
234698548 432372705
217939544 227761243
526272563 58507176
788460874 967300844
315694968 435304922
628024192 316541405
735033251 213746497
184736125 344065139
765119516 438045547
453837084 15051951
589635207 339603420
427807687 203718078
906629014 712433693
609947210 747838372
914541759 956171333
89290127 856516659
596228282 586097492
414793221 169908957
346254265 969674155
932352420 430514858
893131232 103896841
837164921 964527520
100387474 991741339
412217788 158374354
447969710 214439017
753539183 447301507
954494657 598074461
615605743 661672411
416252573 945613390
283737484 68372427
717948051 799174791
939255552 62350072
632042758 481296348
852203685 570909961
769173148 590284458
773922425 96409564
206128486 958227080
185739853 739904971
25478196 90339457
906019495 662918902
221136826 428824744
36859192 267178113
296172682 677382274
25053273 23369271
153879078 85716810
422218639 89837665
854161967 718619163
191104275 949358890
737142411 619048070
503489086 545848336
89769042 941625302
827389410 509812104
25112929 381783243
375576704 76829776
348808085 425014475
169696738 289501258
663912177 955499393
788017215 177458141
830148722 533614870
68550493 925957180
514363453 374080315
179371705 833628437
319712486 486683191
68162325 563375094
11944767 326386453
443590063 134099697
630772219 298423262
295016591 860581115
298967807 607157491
586955488 660873827
23372628 414310847
617468410 548059771
640271649 810619155
248548813 691460815
473056417 432782268
552364937 979882557
364279958 577121867
89521399 295484864
778229898 955513376
918010298 5453964
97648952 962889465
905076842 320289431
142799689 371769355
3725211 584797757
752447995 854748721
575797885 810265144
545709585 79559113
142920113 498351848
196443645 122698880
873306207 3191387
85565645 777520808
627874311 488099109
468062977 372260308
733100667 785226903
512042814 2199878
651703397 396813578
893135061 224231015
528068692 854893487
799923554 295338903
185459641 31022199
61030198 221440327
79556773 898839269
366577302 520463939
127555019 68156959
181284556 756997991
816016777 165209570
642495526 814816509
964421608 992430787
558951161 199344671
467755793 685753834
980194002 901051783
422565750 850625095
72001065 200712294
603769496 314690075
107954400 563960226
439004731 179365575
949639766 168032851
139747609 745117982
875295165 418560219
954782144 510268307
397628901 229205126
695802545 476615404
154391273 163525978
525600759 926641754
552317940 152248373
662255992 148189779
89312285 853391793
586962626 729055492
197812580 516585662
728716186 636397587
133272050 752398550
455265490 280168145
990780276 851636467
730366209 750709712
228846654 296735834
340875367 247892752
756546685 379744853
672080783 149233202
738652275 742137322
894284834 721319428
56048943 715434849
216373626 662662123
584400689 903663504
440351754 413046057
616808436 894714760
116127920 621398115
214168842 991922575
921140205 203371202
57530010 896090588
629081508 120360038
928609802 252269047
132060781 839848810
104075710 336343041
164935959 591428784
64468385 739540975
796985125 522605399
235323457 672365743
390924843 435299467
871512647 494115204
932117151 477174593
781207895 550150263
582520457 942685293
863180065 165404051
750358036 447118916
703901235 452130874
258438083 288571357
324863983 933485436
431745319 133599095
247673266 741374125
562405883 444735773
700660773 135646308
94746321 156440590
59905741 298709604
391471304 755416598
5421161 180546785
198428491 246169166
484242791 699266000
247449486 720798019
635835977 654694417
571942331 370634993
611646755 524285262
61203489 905794120
160846076 475609586
402804008 340815288
902100003 133846097
804978326 696206993
433504706 90884550
473070414 287729456
427691500 518191836
962784964 505222609
965247294 878685404
160267012 199828435
197694284 125308821
132545571 493626062
640732715 676947160
732576651 701984643
453038644 879940934
350882476 261037705
558940089 935604807
66469339 883127118
165890132 562760722
106679555 719743202
920530082 794567864
204480972 442278937
441406829 395180752
939517825 451495198
331980541 640759186
52486190 607096514
587236013 542111730
815526036 86005990
465003720 678613715
198810116 505789900
661182776 912580871
57460797 477507557
609767433 114519917
971835279 743587582
905954929 797719635
22372508 503724135
767006927 336149533
322609607 684274756
150277072 291371748
786789206 144554978
527522514 524056249
92159669 524850215
838542508 199156386
580401381 117970766
283143055 34033800
732524289 447441677
817375587 524756316
136677586 488707408
772792551 904209097
233709205 60809974
721512892 805751620
683812215 535595860
678142269 242962857
571588083 56809527
911927228 18237460
744372782 610727805
911472087 886129226
481613214 986009962
537289989 699351945
888673209 324273916
717580598 230183856
839737858 538253748
260843582 34724545
711082951 282003166
409699747 521917711
941568169 433143291
952737670 705697984
78434370 883081233
58803023 344777961
543605736 801865835
384389976 731674938
391985733 665762784
495152730 851155925
917750344 65508315
57122023 11142862
338242182 299302542
422213863 258581487
798504775 853764570
90535366 663618161
425216535 82136
965441597 48620295
8171317 722413977
459606123 396721170
772898540 109749767
246799872 696807459
296960712 817180471
239111777 604359482
516523088 230363442
660725648 425038198
241632170 502645192
949633772 210132851
998559840 368335679
385820297 797771849
972951282 957509640
71570819 848317916
491028104 271909271
13499631 693041182
685745098 373568390
60283015 270074304
377866190 947862257
874448753 944578354
66871728 37015784
715899673 93274078
441179603 438409358
867765546 576942310
741957434 31388928
575497605 926158627
674124611 338195888
264162236 853842713
45757353 818718090
361654790 637658094
604598870 74594874
285631300 996525775
517425703 567932234
547765693 595833754
722017130 805604229
164713716 557986788
344679966 681790492
35164542 43951872
298885138 885647172
212845667 982748825
882701537 966784124
112196725 907142870
915399038 537188434
869618618 380414843
691601767 548058567
154637654 183514887
415941339 352869040
49055194 787255477
359429374 392486121
878247941 648329361
20306011 409836997
857543890 207102505
987795035 265076310
429705353 569470935
12684792 439774417
250624343 257351858
962846055 990516185
182518776 231127210
891373053 299846055
446307361 490297303
33748907 748556491
906439105 251638044
23929291 132785008
780480901 297317136
27542754 412921053
82309466 603527429
253022369 162587406
896019652 700587192
125759999 2059856
317144913 94545143
825121769 52083412
589697894 868048023
8053771 897151032
242671012 386440345
230620302 550394383
733108688 721599415
805627449 388158735
218368477 252446643
584958805 224230119
451361886 597251939
157687783 5091905
487518199 61356
697840835 950411456
490764601 966461887
715460674 411687470
639147449 839191001
445875726 380185526
575014684 17952575
60326565 411237543
150342908 237732945
777710160 647418908
448019348 207006964
315624634 578264162
610643046 827261728
77776331 616572338
941083935 939663408
228727052 724898235
983455440 72454177
460313205 469285042
172375825 806160608
198953597 572374230
532191905 757710604
222879745 2603472
919457012 552551989
641560083 481929814
418934693 245289116
951968190 365021512
858457898 104505497
846762052 288582111
428496121 642073447
744982054 944214564
708380746 798036805
556168147 946005703
880782461 6504844
226445680 731319970
801774337 340332781
247314629 147375266
835763182 337481409
75154558 38601604
770943134 900468455
500659216 986757905
774920617 178753393
956502802 342689800
777910097 555449571
517867738 473880910
740395998 256644892
645718614 897602459
865061163 4587199
939268122 388672735
293550483 917276863
277018713 476132673
266315062 957981873
792250970 372058822
22791466 50594021
126519550 21100000
278411971 711596819
414868195 442681982
646161608 928592457
599143087 716992671
646771986 8068518
106691022 505568756
835574107 97632179
980440471 253704067
751753292 438637414
45433090 823173228
952982471 523376051
432320596 758340259
448623681 426751041
707222667 60598899
332946054 942169594
314449785 866182549
71985515 523484802
806001424 423125941
165805602 488278550
755958296 801188715
97962202 5851253
211980072 179932994
695206361 711955529
440896808 196124424
209570312 722253540
927564184 842704914
392870064 435567151
11040106 402142650
597378632 128070636
634217128 922688044
413825501 109035190
709956627 218377844
570563381 636581908
181540851 787326403
77531095 875079528
10205021 746798211
743181660 524109094
706813291 11313619
537167719 451530813
353606602 532275496
479524066 406861285
108285768 725484438
96891081 534627837
312529492 723189213
350930000 803704411
768081798 497289002
841221063 485555670
557965943 349875936
449323307 251984166
146092649 610938552
311416817 723119179
437244081 715207933
54929009 275774747
939951386 204340550
556176066 665927385
336090999 459934024
122659582 687319552
912776031 493492409
171024229 582886043
200957360 603949469
933016623 621775124
573083414 888403265
250477511 295630281
549620883 872958073
229420145 938356599
258218845 673907241
450242617 902568188
151971625 691143681
740739777 411918413
250106110 814184014
407244358 846079989
158484847 927130478
371224230 548763062
282384468 256649014
251754034 313121690
425064955 778477622
380715900 833126190
272455105 410331143
333075711 462371320
411582859 676820248
723281047 58926484
748587801 719703177
178438807 949355112
680587898 281329459
535194059 357957111
373019788 501800354
214219050 147408940
774180859 322954776
478279770 175318689
224674865 530942881
655433949 972394868
238617871 512810392
957893584 345396108
902611797 696737181
299328207 851336728
1252002 164691584
928762750 287402693
789001974 370956199
611061774 706998117
741169766 618170439
450339673 519563726
778803594 226735710
595575438 822061112
776668978 367247038
922033203 586036035
905757672 369862227
182514292 337777552
493222685 331645580
592754877 448001922
65707059 628855060
122896939 479841307
702339571 829513654
800399991 368375070
203545805 481846742
139647906 812471215
802817279 314650534
291023163 503893061
584862817 365626179
918941229 255385347
264117749 308246010
19554989 298030232
58627703 832903413
521783833 486540997
734948366 625298030
275712665 137199658
362029013 882448185
103020472 888472685
230034543 17409656
739306049 440732236
701288986 651839567
353701632 271656564
270999771 259605007
224606592 114174027
655228182 429550307
487608310 182984737
876650250 159348576
817953892 981513799
93057191 654578633
832049160 10613550
425686260 887581511
291264191 282543431
768952554 215073991
9137250 170816932
27608320 926141062
709334407 186394182
183286384 172123552
873118378 251447180
223035018 809408062
196022611 959274924
244784532 93274111
193360744 175463131
321467587 658220949
503732193 511355453
925909731 839233897
5960499 544770140
244720083 728454535
301531169 576217685
314231913 628645400
995310542 594719715
955764598 995861110
142881439 675008022
519320455 181129610
180062221 948211426
42044545 110411175
931941652 532895933
797133981 936617903
191303677 924067168
300638130 990460056
527996504 617759028
517566125 453057231
675583008 892812892
166856002 155015252
17015067 534173126
492998750 71090616
560772512 996182491
744513526 997468401
65065127 186588108
918652860 236683385
286217802 490182292
180645752 717644504
258046789 194202073
681941047 943192308
236863746 637345985
946580687 830538737
181394709 31450735
920725375 827967130
869084772 798275927
863601414 431060892
69974330 436638619
3560171 279670089
107814265 293105613
44083564 167941569
898650317 493040172
446698716 111114081
155936090 164464366
420139374 163969613
54862156 585454275
918054649 774238433
511692895 360560400
998759081 826301063
632415009 432403064
236718347 407500796
868565273 607863524
769512098 384169545
996369098 235190735
926018202 812782283
915500126 99659976
262076588 151272614
996873727 21543689
269852676 786211055
792151783 675301611
553303912 903555727
556470834 214223323
466614197 554514987
394989711 515240686
127009499 595615533
340918244 58420274
43248911 790444316
358778019 69327508
687329336 530968802
342241385 247641616
393357944 35417573
788650560 300072090
154572569 23111155
904581698 461168278
675045598 422455051
669179686 49138480
933332973 467091421
471819382 870711447
966487781 983695705
595771777 99340643
797991567 798123189
375762814 286504519
551038390 286852345
603472581 85863253
340190688 148820168
977869807 217961213
876391709 445696474
365962457 269808808
329566317 450413463
620764180 887776325
906411643 238691751
38052494 204599013
241250254 58380711
526142723 215193850
271385944 122545743
140960168 524260551
71179140 913661731
475729830 511869155
435345453 890938204
901359062 26001456
668632961 388476065
975054741 684189128
759480855 274305526
739266324 608099389
112619434 669643519
161672173 262726294
14467679 692088655
528495186 594811608
923742252 260958224
148862482 372033359
236667136 833050699
426715553 338073430
669663341 799947710
137924627 131529196
516036813 206311586
733087333 52784251
269372446 759605219
239450 515561350
965644972 815136309
408008225 72850309
211747037 639923200
429279162 649895305
633939214 927247915
964718870 118989223
594194733 86342317
646822610 341015670
275366969 768006281
475456078 33786322
631603805 817118351
400962643 788184003
144830844 435404286
130958583 412132830
355889114 969555552
444431106 718382580
203357988 190784488
514289468 459833157
686228138 339907716
27117054 239012782
293487042 120938288
728338921 546855585
566581089 67310031
95177595 143180425
385874001 155915382
540774778 320688054
991529307 817963142
576169806 981943047
143198261 735329650
344658700 111837606
724005965 568373086
195159430 354074647
760228527 403194427
103307184 776235365
658281562 956690768
483409666 489379560
245613083 146127216
588427204 378369553
550356627 892898740
900188307 870777985
635353241 407492456
833520929 226368492
97571645 45570541
911947037 149399348
129446558 239222809
667952267 642835176
361496915 981329818
934275742 601790411
423546686 351716824
683668974 573920655
734158112 488223638
530319799 726049857
497510130 484006759
423827737 218312716
740905258 216225595
58280199 456418592
23088055 431543332
90464587 651824384
666033396 747270677
601105012 278364962
99592323 23733200
651826922 645029702
887043835 928196242
379478947 816719445
276867751 355144053
18520452 260056294
693284843 190471668
94424557 128171223
914466402 252791703
493466096 915729461
128528726 407434859
624932767 248709035
516802165 589172984
860370231 568107263
539344604 870669358
519020770 582028187
592229920 201041360
227327273 118168279
520858389 337412185
991091484 509045982
32480708 553500679
976522061 590419206
457279893 787240707
503895844 330337034
189979058 315365441
634524627 552746892
26053440 644979546
245729672 476786331
869418723 630723513
459792865 510884706
554583958 686444824
824154629 95800914
819824908 836145273
946153142 519991411
602449856 604756237
716298780 129698422
13836963 621652765
270257432 109272338
839718235 28792330
129901730 480470807
12412199 517056260
163048564 414170013
106565736 2854104
613933490 177179901
991850925 608635222
197992679 211566860
801932863 726216360
123808529 322389475
922435997 748986989
571360017 940403258
515216275 863369200
356656822 500876107
596992124 837304992
363125171 728307522
471232287 57504256
753753032 927950182
367247526 177950522
81987860 597047062
615718262 198895870
515042812 449398376
550892124 726023160
705728865 810848542
640620749 283265898
742090413 915523152
812423119 364128069
735604465 726908910
375737678 713450499
731832401 889687083
319114002 185975983
548481103 990366363
620277498 700920720
313992099 461309040
201467948 533732926
548531615 241731274
69296398 231345954
783549941 866411733
261006983 754924237
372331956 498125937
19418006 555363564
771750518 183600169
311828044 870061450
176333870 670005183
785296254 734386204
776797137 79897853
620680728 607476291
848261607 585019969
561624818 118700161
400956669 829960921
480557196 75397702
222565042 709251504
655353774 125455981
248997256 244041610
843461501 265169839
713302178 533634618
190591406 59007120
969749752 732328769
719301421 533245500
846371528 366900277
612536297 441301045
518545812 626794115
897429083 194926020
306968883 966409705
741572054 461029600
510808469 827342969
598259480 468095546
472062128 794040061
983052161 16472337
832660113 134474531
997102181 500900405
441066092 572015251
634817348 235586694
364964156 40087286
115123667 917300387
232596174 416103626
127656533 576428705
51296036 822859218
514380785 170671638
863126781 579178870
552036687 737035200
648379486 565225210
711760413 451274273
495096042 641710986
179576662 861236463
514850483 740727370
587089849 374445756
191787527 955694343
87502814 658268462
353371029 964809572
696900009 554843916
379167776 341883322
496293716 227527820
561070062 609712585
645721465 438039165
266561309 750865570
412221045 88352233
54779167 138950969
263523937 540975119
420778692 618401523
312897430 678447637
339012338 3460416
656775210 434745995
578470544 583436431
467023606 894554935
390134371 302009508
37666175 252272463
888657430 273816048
946719057 35229378
483064928 733165973
762019897 776308956
868314864 99688478
106986616 455149931
912391513 615523802
463839613 337063348
453668368 184495617
632659186 679497042
951862680 166090829
125033276 775355668
569495826 38195458
610991823 246435499
600349513 117969810
496141479 478483076
792089514 488347038
918163619 557115259
358278536 970325861
939975724 329131846
822810415 573370922
972753066 74705126
478488154 131313624
540485123 937733464
804565532 442808501
982324548 574363010
645384442 337455490
67779032 772523948
693152556 881202060
565288417 569880006
320336783 493459610
334632271 81581390
790166447 491800312
304691455 161097159
878816209 551154928
413819194 402472439
868411459 29327024
491502725 875583917
660893287 731914135
500758775 33890742
721323700 916965127
159901870 970270603
633160805 281687907
702890144 700048966
528343024 960242999
648377714 200831976
946283099 441121420
581919894 262660860
292938050 762084700
241052640 810054404
868806284 253711669
881101998 990407190
558682708 121102502
410443963 465399294
70687233 178469986
804665237 848247749
899212384 387975580
220344898 132682352
36103567 617450794
674610535 927171707
648084314 95933765
40711844 736463164
296561782 919462438
550166407 341615507
5517794 503738259
808006597 426602077
512145493 606699380
251115549 148696671
538885810 540363960
936104559 581316635
562245359 100306063
954431782 476607977
152032697 857866113
622789052 391503017
698294515 75969832
313445945 994310703
793001222 107060578
858351183 50633189
369201594 511367272
525437485 633236822
524775702 792133068
22413912 131388176
359642559 611502334
286062046 674507015
617338904 187776751
26295589 204484416
646396469 812147443
185374351 881772805
605831915 613799708
218279741 908652762
899848257 681802991
496336434 819867969
769525558 710593250
259791182 605554347
629211429 199364510
470738844 713668711
242838787 880323193
795065895 809072296
337110931 832342249
470715113 984463014
703535859 571995354
174039060 97304698
739297788 816275448
723063580 654145599
28389759 876696407
614339898 596601622
64120499 906569738
714350521 519644613
826953816 126715444
13575011 614815761
889491016 474805084
378430120 410069831
276628584 274615076
507696731 641982217
730364898 868769940
527484957 853076142
233391676 451787705
324563032 463250344
390587532 9559246
909877078 204423949
275684397 216674517
942855395 924082122
601811829 144068298
504717119 883296549
887988232 654614562
915118013 492314090
419626619 871120316
318501014 581083218
772908286 695596542
170509765 785292004
875099368 224500440
695324801 275858259
145113787 170501204
422915268 410106895
896850734 507006413
345492232 465269947
549998863 191243853
880573708 624178843
638259127 816017666
136528602 618293694
131492144 197751601
722862992 435516919
663878884 207344099
61698698 560504009
627002043 607796956
683675561 601396099
621956984 203810988
555271417 997203586
540015367 306990988
853575936 251155986
943815980 523862926
472646853 936038384
55147970 908888183
522702094 599367687
690674924 483547202
619995003 593281232
843513190 769822749
511194280 494239710
920301430 157262704
168648046 438088838
303286929 85823645
168762429 955199710
426940585 430789387
457823069 210741386
284669953 71055481
979248545 843048819
971322924 326319536
677366643 902511907
478261414 361073964
738103878 294646499
215816648 27137717
139652178 256141519
229087825 765155334
399344917 604046826
316285313 864050945
628829576 631162759
888995258 374572942
576172819 894354130
627143911 535188574
822690257 344176649
663144537 993769222
658103263 503857918
929081486 597167355
201614437 841500568
674350576 212291701
502027697 796127118
816825076 329996107
136812077 604602864
17329276 862751492
54579874 316244279
415358614 370450408
683611848 681288144
439374148 54021179
432824545 814819329
867650049 464835325
963348132 22434307
131010601 15566149
545995068 851249251
98670000 734304102
644100351 603548100
918817425 36138834
736648200 988048986
629129284 546395860
24325120 828165480
814134186 438731220
274465909 319796109
918331286 609168801
963045007 564830671
568756402 199777314
318976733 917178291
334543240 331345119
590959771 307647280
96127267 943825993
774747974 180466957
596166392 320968993
127073078 423545095
582741737 748092674
169075123 973688183
667553955 591338626
368670331 824417613
718365633 451683691
757842561 886912523
672013499 156956548
103198064 670206625
372775575 766290268
639227144 599920491
638945285 974085262
92429971 460495537
182185328 629922474
253118729 632590324
103050869 106630582
264339837 889514897
422952486 959976258
806307069 900107102
876988784 948978178
11208846 31705908
756157390 503085045
129398854 261956466
312147633 106202147
176728085 457481299
561035865 813633551
13994861 843243535
337000242 237882680
667226562 342872865
563506178 427774603
250547781 269701722
82679739 720531528
622197190 199087596
292886186 773596149
377167555 761845322
657784332 115080341
715393631 681872500
336840304 391383376
304133318 863087438
61656341 556356358
433161212 662084734
413482479 248996752
924650292 290320213
521345700 846941667
128441659 386063341
657403952 617563710
61012533 89863677
633000864 135716091
578955236 161826397
887797688 956622685
781195062 731757797
932329650 391458371
49362885 362369148
600250714 496810877
298844024 939974542
925518305 645036887
46681346 78509038
469480291 783739586
610857379 813707215
585425216 342955460
943485777 697031504
818837416 86759443
971879644 714077535
142060734 642861117
213391296 438831610
452297835 212314061
216380620 568810533
349653911 697735496
905067885 753865088
875234734 335519559
668983357 311026722
210006272 565965019
966850907 964737906
289198837 661273437
967666391 299453425
640881834 120125545
554246441 725966944
761981613 840849367
620091344 461493373
763283039 953581807
925797271 216215953
459003041 435483953
621383547 70878481
823249578 836802598
671844393 931361567
705805796 838002385
601210454 779852394
110757103 349786883
554154294 391265154
512378228 742222621
807127273 74880326
762347930 473887307
319135117 983260112
989220653 25449509
358458910 796171636
463271491 535411615
842391806 468860868
152731374 491404066
377875135 860684921
622156645 59009351
561301685 322124492
79601330 953228726
284004850 580784137
577920543 839722481
456179856 687606539
579813660 842496398
724271732 793961056
728308687 984997429
997050115 945647397
84533248 954713106
884110787 798173140
398031426 481096427
759383454 883988353
97409923 611906193
271835065 569386143
897402819 870733901
860067957 593649501
167517717 632377228
30078197 195115438
188375587 283380669
81216204 965356533
325460002 302432077
269927201 907731211
697157996 406745723
226604777 816225787
997769447 343474560
584681421 529431460
850153869 96966637
385108173 507067242
785936040 162250903
533425640 152835043
326853488 337770731
232916524 734876718
877789720 311537443
260722661 984238696
196657379 360528023
595552973 672768292
511862675 836490705
883815460 133934047
159617879 50160417
457613985 642000383
909368533 202659392
872412026 667689943
77763481 958131736
319248495 992040640
242027444 522846660
641675753 69948524
2191861 18408754
203678398 828883492
46531957 412867425
785403382 852189066
580562895 508754144
294681728 873658404
699573808 602087498
518599691 647691836
141838188 521873272
932286095 433443086
985154272 723785818
75726169 157412843
252255951 394127701
338428703 583783227
548967928 621078880
851484289 738009556
728662321 496044805
53576555 533820884
516686098 599857281
674919439 864953981
38779283 777795478
290858932 868549555
400755298 78029437
290049062 868231265
633177836 99935771
685339504 281891769
93881222 627887870
639168845 31441427
478491133 544640368
393775347 363749541
286372656 440559483
878554590 955793366
414734387 443448582
354821992 508289608
758597825 14284858
222792217 137368353
220400598 824222739
652807938 672449426
104970997 361586276
893354974 174334140
782631845 516485369
933051241 740120447
450021481 32655308
279240374 64183390
290829983 991998079
28855597 693645126
262839049 917723049
763232523 451063802
297373265 265125616
271198077 138351076
289965868 612201169
578092908 398217974
961910303 485900961
684369543 357713563
617884253 162044750
919704613 474520813
130003718 6935528
637601871 286942469
401647967 961966312
221789286 372871394
684650000 627451061
436330891 368454653
331432054 815554717
352006046 631342799
192854661 367678858
801512847 625527254
654510954 823277506
614450428 241345287
470297667 418399956
957789762 573984087
459410004 395480987
404941680 528292131
609161144 952536923
588308706 487580797
383425425 32735175
653098386 603889972
479414268 187219730
586259234 764454747
408296581 464170491
472723421 207955797
199492048 860974761
694847021 383812199
94221589 37097075
80381396 592692899
181967436 760433231
863937389 332617318
969670397 452834790
974580529 197679239
513786249 398282917
176477873 549090099
967055634 730230656
569143766 540804477
471116833 424990218
711509139 988877225
300470288 983674028
652176242 36555234
246777536 863056618
115882533 274134453
408172244 125827400
294653523 270327708
133396161 594216374
860357260 678399878
56157019 15460088
173639344 803692601
208959170 893021807
241439025 817634065
122169586 947194614
918334000 220200134
147315396 473804992
909581782 905154244
879220537 835579750
805474033 750695426
264278985 362146197
449575987 958610112
223819174 590671542
428904999 179194793
364249244 655741812
221476658 313083369
471429460 89087128
467032762 792823589
256223419 183390369
367418610 273510113
978761720 74841252
785996644 728534210
745518887 250767870
663559396 234825683
977989592 368644938
274389715 844371791
281900945 525692564
484652456 137538258
474256656 264985559
498103834 294081708
835670349 453997584
824054941 46246813
999482555 508365848
644856848 227446915
448157888 886100776
928409599 8372524
723925849 173080220
472836585 510669582
544580954 691758643
384820622 180874263
443495795 101248304
480733052 986612538
971313868 216966054
459088396 626755520
260731150 683135218
620700164 202968343
365262239 495813768
456186296 344336867
432440139 539535446
684370099 487996694
519484795 640295411
183535123 647646607
772240949 728195107
347290346 232076547
996308862 491745030
84916629 141270887
273488835 310785131
204695994 230108186
126890352 213496477
682305679 488944626
49920336 683965549
173596688 233070706
35848494 646301031
62300166 550222749
28226393 820782554
303039663 535245476
397172624 206016903
181800737 499164530
989893369 572707861
185379592 96252845
895393730 142204469
322211224 991597961
403902683 637387708
662481446 746696104
934143852 952584701
180256360 736269747
287970343 830929290
485107323 257304803
953882133 214255395
912089524 45230694
419210634 915733488
132054732 12651265
173160847 394520332
486619311 504220662
632128037 902736731
441690138 330845492
526967864 476956385
315262479 965585918
75786746 503342913
138185043 505029679
548244406 502634519
122804814 987622807
358988813 391240086
864499997 173167889
120612836 847886171
392375331 672648818
311364296 891757472
517565536 399007557
861457674 800081318
289121379 312186967
504430878 780171496
347896415 75285266
153239743 857255283
270248636 552799270
488508173 572860103
638407292 218834728
425336234 47240688
672188405 585100426
506358059 775330065
280890678 80677860
839484033 147903065
877110675 193912044
642071672 562730426
523860662 694244038
344622077 737159169
550288510 463981995
716222561 512664173
222465242 17738221
618819514 109240356
829452584 331666177
87843718 378427304
700955409 691512745
974667452 63036904
696095748 257406703
402235329 209722338
76975523 992251576
68226281 593542869
496961129 679842435
460946376 805224398
796886619 537515477
763089000 224528645
294692769 155479481
568790896 230670465
712766711 869405404
951156967 405803755
789194349 93292351
372162586 453533333
344484078 375425779
777389760 930756052
719404730 210037434
624463981 633026017
82961326 791009990
880703834 17728951
41088507 747057305
569347276 812851992
464175368 158401293
409063723 868122546
728014592 385606393
303591568 92445472
893425338 860908970
798318422 497954346
775330774 396068315
656993560 874940320
112508041 763663284
836230287 985439956
309879077 630618926
334707720 70933511
330271467 365053897
100972921 195938500
356043170 191288964
389345251 945457971
461283445 639717047
853590574 218856589
736690495 953552287
394963253 397291055
86747050 396245670
298340731 950873901
555140982 571724214
353797356 547539418
495262770 797667697
863446998 924443165
542549060 265593522
531254396 587073576
299836992 830038771
785568755 527768762
603006398 351482028
172904699 571730609
305023905 437230654
216658861 509402349
71918960 705609424
618979215 879009370
164080764 247076906
541349977 830979690
178198255 664504851
518756018 302245121
344271751 586102577
817094416 504380028
184436462 203427102
92959175 159945596
971043447 993812104
48017365 113425763
374880519 726120758
103509588 223788013
924655693 143323114
188294382 58287116
363940223 832535089
410624298 687881092
496765671 720184983
19724156 579669535
344673400 160218988
544820036 303247503
807834030 868722061
273326723 729097371
23926133 198231868
517548237 758413546
469854040 262842176
723851613 543538602
994984199 374326921
146665915 527786654
630457929 398170900
199984024 975197447
101649754 481853379
201710751 142089290
867966326 77339258
416616360 375305929
872960619 346345054
539990457 48748809
583700968 467237339
301239386 500746332
440629707 299818172
274012630 924800943
809959340 698804692
499593468 283400395
893819661 393977424
592257275 132219609
933296776 281487900
553437891 577856937
970687789 742940319
835515503 361865428
427433346 64134714
506310876 471887145
333236428 45381019
697439140 180096106
43478778 945621055
735785857 830105871
884607267 511130167
581464725 174526885
847298620 149941824
64428356 506930464
919594944 443162210
233879956 442833662
930775190 237034388
150636918 285086219
617021166 738364192
265005038 656943425
129772271 326778649
185592874 738045670
26469533 330738397
723051344 265430508
773982772 901555806
947941076 976803429
649103479 12300942
602727373 694565225
634510241 532827480
694613410 773345154
391342328 341088545
801397399 526151660
528819362 559914478
541504879 488765041
5540733 230587230
452571783 569153021
936464919 8914391
183466737 50767045
92769070 831629055
362363107 774856839
841549606 431755600
392384422 586762127
665211895 213413359
365528401 726425486
351343025 761169631
973128897 165955411
558559173 557491916
903893686 135281980
800082084 238278563
909122076 838695222
384378016 584469784
668709668 951214001
50940146 426292192
340820256 134741605
702248398 904626516
346553166 410665572
743601241 844309403
32306099 46110015
495022639 750789118
574351555 849296399
358591878 116805538
169919840 151811181
109564523 731301523
941326498 704707041
658182439 287278613
302691235 384460046
860418175 270445885
606026697 956932675
85505576 561732150
486780236 254915981
945075779 775683417
983209603 758228103
321430405 455879254
651115595 525989984
354691455 933413078
474993248 929594284
481054114 170240809
58446651 845200951
63043181 916972461
53517090 570909829
554751814 921944946
14653116 298000667
909507772 431724328
336497365 450983463
563081322 40041140
150319660 338152802
186319508 554141539
195762117 735100950
230859283 765715620
961204833 75892769
378416446 910904229
784917846 302555532
315750938 511524327
78847477 395755243
507980647 179479258
50367124 212478342
421651205 799387119
503190377 45578964
981278301 123548933
492979931 850855198
350385689 337666957
112060043 16894678
681702495 376438204
34947535 547130973
47169910 811743889
886719656 323803336
888814153 547200134
737979297 388221841
109255057 203766621
827898939 514425825
712952300 368836246
593878784 599984900
201693547 600891114
456226302 355215012
964776808 262722463
465218465 122740308
238969110 705754538
611217436 908381690
455220147 348352777
841252635 333126872
800425802 105014677
469635300 184437566
186703374 8678435
237760447 453241124
135378045 173204359
597610355 149244745
676168771 244065385
183621344 5636146
553917659 443264573
565288283 129093783
942602464 463028738
182958068 223256344
818363101 823620395
832574467 931629000
892327012 783246672
618331809 708732837
379491180 805676054
639423691 491309884
984101939 970389609
874970812 349066599
58278901 458425387
227929608 929321262
127420868 692531841
467244790 356834079
36801549 231290047
388710394 818874501
198168566 193066781
921542113 927936069
746526470 838856588
392683426 778022171
133537251 453555474
607296851 643874695
429838226 20499736
750419603 692380250
808780539 37252069
454643688 647493887
290924424 607571223
135424461 837534934
643988851 434043605
21697719 195098518
904061146 240668421
981809958 388350160
281473878 402127081
447067293 395038742
472331406 494020153
309904923 784109199
769353062 509170244
294521625 486539795
955309347 905393729
396589417 948436635
619720699 279661475
409678069 49428770
231566211 123865289
497578354 752044637
521878170 919842094
996907747 202639035
823411356 35431972
836834728 610427272
141304384 58665739
505081247 779555057
761026228 737084657
947243063 969392187
356960600 859039267
801958775 96206326
814269090 352009224
556217141 613535223
546145465 898054455
2975369 984146797
554243681 149841559
857542900 884591999
152240899 857021329
909820409 424189771
25554257 798511646
452519076 398910110
192610146 314146691
197972827 750071773
619662979 794278648
424675820 828461673
935764735 292799890
103876164 431330118
211791876 56831750
473872049 795351424
741422020 484038177
837739151 808307766
553190473 525117990
485822319 795098161
407944941 828006171
946620405 47554043
969791965 492997801
154277608 410876960
212870489 389161045
912846458 399237502
261133424 303600481
283696101 117175745
993001145 958590602
4270998 470633116
798887684 629020385
956012051 92428638
334609464 209041398
7341987 60177165
418353919 413593466
788795003 752951342
797611971 771601918
506477733 20603298
115257015 599742333
415293985 186450885
485890627 644762600
640484392 953021759
316510148 164697565
104031066 788607517
310397593 19528284
678857901 974919025
770850935 783874480
507795741 169085924
510482666 235594332
606308778 93486068
343545375 739352516
273256993 90424069
202912682 13716934
252459411 3174410
345120729 912339486
978927487 435691044
127255144 979591360
242285464 981624014
628817244 727628075
374255210 215999037
287967484 847248075
6606143 558259205
65816971 702438673
686802720 833098149
559329164 561961895
629094959 842428712
423039105 534871829
414927670 567601618
87384484 6443096
37495363 261845858
733964210 634370976
317725106 872920312
824653676 605242058
225910581 469919080
54468857 771155814
48957139 297163136
851800257 688614759
680177138 962208873
315437851 68420264
38698692 297499899
876265027 750911312
184499502 982933315
236773798 726304207
567190252 593835649
820998907 26769604
976608952 927753530
838107199 248133807
553796467 896520163
881462415 950675250
314106149 867201115
802259366 588979769
228628830 770954888
186433108 638586425
176706706 513385522
137548066 32391094
864635159 54413584
435586042 610821449
609585318 514106840
460272868 129521532
473430904 455668453
582858263 450162815
961406913 443131775
65165384 569940245
688388694 888325149
230101369 507279936
449000028 469010260
379785630 422241312
290417607 251579591
548937887 909287641
742849669 572137322
452331411 248893303
608854489 372284057
65027980 193803949
580976482 373952517
129580538 707438258
342793478 383308831
396021636 362851876
14585551 631176166
550888285 999881192
691267182 46281458
251203465 21333542
72014512 831273357
271299328 160886226
512371625 679277157
378349213 14195814
544838761 29453317
181650476 326342372
880776392 576558211
398860471 234268873
595401754 971083325
128765084 475525653
938877151 382476202
340969880 446384780
286145675 745179777
53025681 834174330
936224365 732246650
367188533 679630010
511448474 232049109
403720982 217367009
362750886 551647968
28100855 416996323
184020861 903363664
135510799 664849030
584011749 815638525
348598352 44601222
986421955 715656981
276862552 321821254
617835705 377978650
90372870 413320218
755792654 826487001
393695079 95106889
410726674 875286887
146074801 384958322
533109033 847133099
379535972 356303276
548398979 672874309
712141419 74192643
835881524 822029493
440541389 315401674
760516085 163513653
749215221 103968867
310039048 821155263
948893482 720309895
151313007 171207138
175598150 701303613
20111650 309337000
228715111 479440974
754511282 585931364
471756970 214545156
329749885 858944494
897782073 773337714
724045817 985214535
691926795 69150170
704884624 314461423
344336585 585051756
109922267 147148019
991190007 92134228
800256959 940822325
332384142 405365231
870990926 874391603
731869769 184881782
950622648 749517771
3524020 30983167
161992083 344739149
552014126 925856988
83826444 389605858
331625602 77794778
77839168 906085447
932546188 526944143
497958801 243699409
376901990 789855945
116255491 78761931
645948992 57238044
310814127 26706948
348864206 845141520
386338930 884161059
947594150 409252028
239604062 936405460
37611230 776592714
295004394 819406925
405459793 279440006
827656001 171158564
455501184 624170667
771900740 347728869
535103161 201917638
755608576 165411187
40464967 332976661
138685410 542989510
669323945 641169778
971779730 710792918
351869570 293027332
74927963 796376321
264515749 345253999
889510433 177267738
886193272 412227604
562849913 551495565
926836989 590993404
336074998 859674424
413433775 185921230
264890504 826475959
597583157 703620716
132027421 127287180
652162297 682533026
94696018 821349109
629717735 841811945
749167972 687119434
909488348 66224843
874323365 613606025
41245155 719241950
723440497 493656122
350973648 855826384
213671652 687246786
305186879 122188683
888853196 436061328
424662539 53682025
454746892 222751605
6245051 797357406
844202147 844082680
586133651 64639161
534626859 179613617
3622195 603360255
535233408 243642221
327825769 591129366
530132549 808174555
695242925 748401825
89842685 822024148
237432822 142434766
709265360 381382183
737929867 275658072
993922449 695026808
415424184 800751129
656173745 713483481
319773692 246758491
385762591 580422834
561689273 31554478
397135081 85290579
547073470 934148574
372066368 93518831
881919573 936842304
13564880 881284865
287618948 929287210
610318437 922080368
115989456 821857037
431056529 667774967
1881861 428818622
501980126 735563055
980631043 380953743
225487934 634873607
44228375 569799839
878000587 264529394
161458801 538580610
914997063 185442846
