8201 8300
1983 4584
3139 4439
5938 7289
6932 7364
1138 7209
265 2516
5029 5529
1969 5824
1595 4924
4628 5364
2897 3047
7520 7555
3389 4440
796 6192
1917 5554
3219 4453
1563 6924
6945 7095
2099 5028
1953 2347
124 7650
2905 6277
2081 6313
3057 3390
3180 4863
154 4579
5085 7067
3894 7491
6349 8033
2343 6483
6022 8158
2589 5477
150 566
3460 3903
2962 5536
1610 5888
1445 5745
4322 6855
1042 5607
961 2476
3065 6551
3557 4375
1927 7399
3257 6716
3921 4314
452 5661
3663 4910
1779 6040
1221 6446
1119 2166
4860 6043
282 1515
2452 5771
437 5161
2096 5563
1662 6708
3905 5088
1217 6671
3000 4529
1909 4765
4705 6990
1485 7461
2940 3096
912 2076
4518 6214
5978 7366
1371 6763
525 6936
1357 5855
5288 6833
1577 7931
1182 2587
2446 2803
476 3628
4268 5078
5022 5116
2424 7743
5096 7179
62 239
3747 6769
1823 4106
245 3413
6841 7036
7145 7952
2816 5204
2266 5749
4545 7939
4970 7993
1401 8164
4732 4848
1185 4960
636 7932
5666 5672
1599 5073
3736 6016
2389 4175
1370 3954
6204 7258
2527 3629
3178 4372
6026 7605
182 3816
962 5863
2210 4119
5750 7502
2132 3216
5947 7553
1358 8154
3505 3602
3269 4262
2005 3231
2849 3519
1387 4928
2134 3328
2432 8059
546 7890
7049 7964
4258 5430
856 7663
4323 7203
1682 4165
1797 2536
5173 5354
769 3341
2202 7135
4361 7953
4004 6598
845 6394
363 7936
6708 7112
1942 7975
1329 6272
1103 2172
334 3236
709 5274
2093 5306
4688 7965
5817 7463
548 7243
5137 5624
1093 7403
2648 2929
1072 8126
5193 5229
695 6851
3199 5657
3354 5320
694 3836
4891 5061
5251 7627
3850 7115
2224 4752
4245 6486
1039 5450
4918 6715
746 6326
183 5058
5638 6971
1997 8102
6034 6791
731 4110
169 440
4982 6526
923 1898
4222 6107
193 3554
4660 6046
5786 7304
742 2503
6235 6455
3964 5287
4375 5923
9 3170
6306 7652
7450 7954
662 6867
1284 5679
491 3165
5426 8185
2256 3587
3945 4735
339 4792
1125 6563
1796 2598
52 2166
4990 6491
4959 6710
3856 7376
1527 4278
97 4025
84 1054
3088 3544
1478 5628
1163 5238
6703 7754
1923 4599
950 6027
1585 4942
836 5714
3314 7169
3764 6932
1463 1735
865 2256
2158 2722
68 6164
1541 5128
4786 5092
1147 8098
676 7432
1354 6979
1312 2365
227 1183
4728 6252
3745 5764
788 7360
1830 2143
3223 6576
117 3464
1408 2411
1028 8003
406 865
6358 7199
1424 3188
2634 4750
6939 7000
2242 6683
3653 6473
1476 7260
3101 3621
561 3475
1289 5230
3149 7516
5731 7758
1590 4788
20 1712
3316 6289
3089 7541
2489 6430
6171 6894
346 4797
4548 4647
5886 6619
770 4340
3600 6292
1204 1978
529 2400
6049 7537
3778 7027
4909 5612
5066 8085
5097 5302
4263 7526
697 3971
701 6099
7479 8007
2469 4558
821 5610
3592 6797
1852 5384
1614 1812
398 1857
303 7332
891 4610
455 1947
4 7946
4459 5675
3189 8183
1636 1910
2486 7720
4582 7620
61 3686
3229 5524
4845 6889
6285 7791
2538 4549
2825 3052
4289 5799
4607 5508
984 5807
1169 3822
782 6514
1791 2304
2084 2395
2306 4445
4056 4271
987 5380
140 3191
4045 4995
965 4335
874 4292
1340 2165
1680 7015
7914 8036
2564 6502
3946 4458
85 7851
2581 7325
699 8113
1148 7522
61 772
2322 3538
3976 6404
3495 7666
1154 5935
5124 5787
3093 5809
3526 6165
1394 5145
1385 1915
4680 5523
4067 6075
928 1634
377 5021
4082 6760
292 1622
2087 2249
948 7794
4831 6828
37 2291
263 4101
4135 5168
2086 4773
4966 6655
4577 5244
5103 6073
2209 7621
2880 4223
3952 6798
1889 4060
2400 2642
324 6591
4726 6120
641 4279
1648 7342
4179 5295
1530 6481
5087 6002
5570 6119
4625 7713
1130 5773
3271 6670
651 5807
2029 7263
1447 5268
576 2245
235 5243
4050 4989
2661 7665
810 1181
4269 7196
290 6705
1338 5378
3164 5418
2439 2507
749 6078
2811 7672
654 5253
1918 2985
5725 6844
2669 3112
2793 4616
1549 2156
3612 4653
5278 8145
3026 4115
5081 5376
1489 8131
831 1633
5113 7264
2141 6995
2148 4855
4603 4774
458 7801
5130 6806
743 5309
2788 5190
2268 4743
1745 7291
1800 1813
187 8119
64 1335
1041 3051
6911 7726
6033 8111
5341 6234
1716 6448
3395 6517
762 4944
382 8136
224 7755
3162 4675
1448 7058
6876 6991
627 2490
3287 5958
5690 6265
572 1671
5323 5910
434 5903
1423 4580
1556 7819
990 5882
4236 7328
4567 7600
3601 6986
4444 5741
6775 6984
3566 6191
2589 4058
5890 7427
7532 7691
1790 2723
5777 7445
4129 4339
435 2331
545 2573
4035 6308
2776 7647
799 3820
138 4772
1595 2706
2426 7497
168 209
1832 2656
3252 4616
3265 4660
1892 5794
4295 4963
16 4978
1646 4508
1322 5549
172 6661
148 4476
2672 4839
5325 7500
2939 7628
6275 6312
2301 3036
3414 4747
933 8032
573 4631
2031 5106
130 7094
7300 7486
4562 5093
5467 6880
1711 3451
5600 7251
1721 7316
4110 5858
905 3981
1802 2953
860 4181
3208 7959
999 3604
648 4327
1655 7052
290 4998
1820 7032
6170 7801
4446 6783
1865 6800
1810 3869
887 6881
261 6807
183 251
4721 6957
816 2431
5867 5924
1087 7233
249 502
2767 3807
3586 4081
3864 4343
782 5399
664 3636
7724 7828
4185 5779
439 7331
1224 4124
3805 5947
7613 7707
2990 4487
2500 4778
1390 3392
2724 7355
1783 2087
5988 7631
4457 5690
1641 5545
4779 5331
2601 7534
6323 6828
3955 7355
5915 6679
3561 5134
2483 3499
1584 5543
4470 6152
4151 7334
3128 7410
1299 2556
2811 3280
5059 7920
161 1782
833 6197
3578 5622
5604 6503
465 2685
4746 4925
3171 5730
4469 6772
3606 7904
166 4811
3735 4088
185 4807
6583 7074
3393 5649
164 627
5684 7074
1046 6445
4119 6649
6658 7284
1805 6716
868 3090
477 6412
3132 3145
483 5108
1080 1705
3770 6937
429 4416
5265 6170
1301 7687
425 4287
411 5300
2273 4742
4936 6266
5525 6600
1126 1525
3893 7342
3207 4318
1734 6070
5851 7080
2381 5883
3671 7208
48 3954
4915 7468
2417 7218
5913 7127
6062 6770
1108 6753
2694 7243
2233 5419
3282 8139
608 4008
952 5963
3927 7549
1250 3086
6012 7412
5144 6247
6057 7921
6554 7791
1819 6856
4657 7642
3026 3784
2100 5558
7566 7653
4992 5975
106 225
2614 7182
2118 4473
4286 4608
2001 5881
4273 7461
1877 3199
5317 6172
1052 4089
3718 5567
6539 8167
185 4974
126 6427
2041 4962
1288 3670
563 2384
5043 6255
2538 7503
7012 7195
5658 5923
214 1783
2419 6461
373 4587
1145 6470
7138 7971
580 6826
2263 7165
4878 5770
625 3387
757 6951
786 1855
438 5298
3393 5342
1709 7677
828 1414
3297 7574
798 3163
4868 6579
3370 8127
430 2630
5694 6246
4170 4315
353 2718
5449 7505
2084 4571
6428 6941
3442 3619
2258 5514
6095 7519
5462 5660
1952 2185
3443 6816
5423 7361
4016 5203
1791 5722
3385 4671
2019 2179
220 4927
3089 6325
6043 7787
1652 3756
31 1704
722 6184
1122 6167
6601 7462
2927 3305
406 517
1207 7493
5241 7733
1378 5473
7294 7788
3930 4988
2940 5703
5252 5982
4490 5157
5780 8090
1695 7442
2074 3025
3339 3947
22 6146
36 508
2584 4731
1382 2565
534 3427
2194 7419
149 4392
5546 6153
3232 4920
6519 7807
175 2974
1091 5666
864 1850
2952 6859
1187 3334
1690 6259
1162 7727
686 2548
1753 7650
645 6857
5671 6852
4206 5055
1657 4336
2251 7293
3365 6029
1472 7882
2300 8012
2340 3556
368 662
2458 5659
6253 7034
4285 5535
3691 4521
1427 6190
3942 7346
184 6943
41 2097
432 6505
2491 7593
1677 7280
762 6706
384 6220
1628 8089
5628 7327
2144 3466
4458 4943
5509 5614
5437 7109
4014 6254
367 7105
978 3783
5616 7083
3819 7606
6858 7646
1292 4649
252 2397
2260 7544
1211 3543
5993 6781
6453 7883
78 4436
2403 5256
286 3559
5541 6694
1587 4017
4183 6115
2623 5631
3087 5360
1239 5717
5664 7118
571 6471
2318 7770
1280 3284
1872 5237
1607 3507
2936 7030
3524 4667
1353 2296
610 4668
4885 6824
3555 7204
5657 7093
2608 4614
5366 5369
638 3105
7509 7618
1689 4867
1238 5515
4133 6082
3329 6430
1094 5746
3985 3995
3585 7786
5631 7419
4425 6821
1540 5465
6153 6373
4784 8134
4030 6124
3779 4311
4697 6614
343 1884
975 4133
4001 7755
236 6513
7163 7532
1846 2673
2697 5802
687 6631
4600 6006
6120 6427
3071 4552
117 682
1030 5012
3829 5928
1546 4731
1656 3122
1114 4593
6754 7186
6392 6801
3478 4987
155 2280
6618 8178
2675 8103
4065 5707
3175 7343
631 4431
89 189
2916 3947
5305 6675
5013 5313
734 8070
3299 6465
3281 5174
1330 5992
304 2013
511 1182
4465 4713
6906 6998
2818 7766
1291 7864
2014 6050
927 7768
1166 6319
5702 7768
2655 7448
2467 5731
1003 5617
1837 2063
4376 6593
934 4908
3181 5197
5503 7386
5773 8156
221 268
953 2737
447 779
2079 3468
6406 6834
4339 5798
2364 7053
564 6182
3752 5516
1006 1737
3429 5496
3907 5803
458 5136
2951 7629
7143 7804
4823 7000
43 3518
4993 7853
5057 7718
1876 4984
6108 6814
2641 5995
2780 3926
2823 5972
2180 4041
3368 8027
4595 4914
4061 4906
3465 7757
4719 7126
2656 8061
967 1198
3965 4453
7112 7978
3844 4986
2182 3421
652 1882
4099 7003
1421 4628
393 895
2991 4672
2382 4601
1430 6284
6010 7668
6141 7714
721 2043
1202 4356
2361 5974
2177 2716
2051 6237
2170 7133
2367 5603
1324 2707
795 7759
2526 6250
134 7750
121 4047
5940 7395
5202 6893
2052 3387
6652 6994
1724 3877
950 2006
6607 7934
1132 4975
2270 6880
2465 7225
7363 7928
2588 8172
2064 6433
1890 5567
2362 5872
1295 1598
2257 4117
4387 7798
2544 4572
7331 7854
2458 6311
1836 6665
107 760
2175 5007
1866 2586
1134 3250
2010 7134
879 7387
2816 2917
3347 7477
2284 7124
378 2800
7899 8104
4493 7162
3433 5326
3400 7947
5189 7106
175 1528
1618 7492
4846 6815
1172 3113
5504 7698
5406 7832
4370 5559
2409 6003
385 684
2184 7996
413 3629
684 4702
698 7756
164 1544
3416 5879
646 3705
2587 4301
5654 7915
59 123
363 6965
544 4744
2579 4513
6732 7603
3720 6715
2468 4658
3668 7788
584 7183
3660 6080
3581 7813
2236 4366
2434 7250
1108 1523
1351 3990
1950 3993
4029 7772
1139 4871
2457 3334
1482 5475
4805 7748
4136 7229
934 5316
6502 7215
818 2157
3803 6924
4209 7117
3842 7193
5157 6861
3704 3961
2413 7689
4102 4777
888 2554
3155 4849
326 3710
4231 4349
2821 3494
4812 8010
3475 6757
2154 7727
784 3622
4120 4341
6569 7335
5539 8195
1615 3049
179 2052
3772 7523
831 5955
223 3728
63 6371
5100 8125
4155 5112
316 2201
1612 7821
1185 4536
1759 2866
538 1792
6574 6728
1282 3000
1058 6829
1452 4264
3034 3228
909 7496
1522 5899
550 3964
974 7396
3485 6331
4023 7536
5011 7322
691 6013
2933 7430
1493 2665
3936 7675
1048 6280
50 4637
5075 6257
841 4826
2382 5455
3962 6035
2829 7404
1158 4761
5543 7734
2471 4713
1047 1683
1513 6616
3615 5940
1674 5381
526 5952
1200 5821
1498 4707
4012 7878
2796 7249
1696 2800
2765 4991
718 6012
4252 6105
783 1597
1133 7071
4055 6977
2046 7881
3194 6007
4010 8120
3892 7675
3733 5593
2042 5183
3909 4604
2126 5592
26 6975
1968 5687
2809 3815
2539 6364
3458 7459
700 2354
2610 4194
4267 5551
5822 6475
3010 4407
5132 6779
2597 3634
3908 5441
3483 4045
776 7528
202 3467
764 6159
2789 5970
525 2482
4052 5891
1366 1982
631 5860
5199 5639
6854 7235
6722 7198
1355 3015
5515 7880
5749 6128
1306 2814
2421 3061
3461 5473
2904 5179
2071 2860
761 5210
4588 7929
1418 7339
5968 7440
3015 6957
5218 7986
267 3460
3356 3469
527 771
4272 6247
6626 6651
69 2145
178 3256
1660 6987
3392 5388
1110 6003
3197 3420
5475 8059
90 388
669 6263
1316 2818
4078 7045
2913 4173
480 2328
171 8035
1806 4921
600 4912
889 4824
484 5733
2040 4080
5040 6885
626 1179
876 2848
1398 1586
3142 3160
1565 7777
733 4825
661 4656
3787 7851
3411 7740
413 4309
890 4868
1554 5802
366 4373
4335 7157
1235 3170
3270 4738
225 1886
1792 3016
6941 7141
5315 6997
3956 3997
1902 2128
1551 3795
2666 7445
2377 6551
2093 6150
4717 7184
765 4627
3109 7805
4611 6689
1152 2408
901 7469
4936 6870
4129 4764
2746 3065
4341 6173
1594 5050
5574 6016
3825 4173
1460 7312
3082 3467
1926 4794
2190 2213
4510 5553
5864 7188
2720 3510
5371 6377
377 7976
1409 4716
717 7478
1168 4934
3318 6602
301 6267
189 565
1796 8130
1356 3244
5322 5486
6463 6771
380 5444
228 2711
4217 5117
496 6720
5771 8078
886 2652
4009 6853
2287 2893
130 8118
5905 7824
1197 5698
4039 4683
3595 4600
4223 5416
203 528
2708 4370
6457 8031
454 7657
6694 7717
4945 5261
2713 7575
2932 5369
3046 5363
4636 7891
260 4712
5307 8115
4066 6811
7101 7731
2276 5531
2103 5191
2548 7718
5804 6361
1388 5526
2795 5511
7504 7978
4308 4576
6045 7878
171 2799
5418 7973
970 5721
4749 5325
4213 4507
592 3194
4313 6488
3890 5942
988 7438
2534 6938
2211 2314
271 1168
3342 8086
5117 6310
3869 5878
3255 4642
1611 7513
1670 5986
79 7007
653 7885
5292 5793
3701 7009
91 5618
1258 3528
554 1739
6025 7422
7699 7910
5140 7310
404 8156
642 1904
3173 4999
2907 4702
993 1256
6280 7600
4115 7709
2044 3789
2668 3570
646 5536
4490 5094
6777 8077
2740 7236
754 7062
6460 6685
4397 5038
371 1893
5892 7142
1770 5336
77 3490
2729 5018
5590 6146
7494 7997
6925 7752
1369 3456
474 5460
2105 6740
3372 4321
7117 7892
6068 6262
7643 8155
548 2501
3066 7969
2060 3605
5783 6972
2789 6607
4105 7862
830 1566
2078 6695
708 6051
1350 4196
3631 4883
4297 7728
668 5068
4790 7987
586 2911
83 7485
5681 6603
3700 7111
4659 7605
1763 7631
3679 7207
257 6750
6328 7176
2031 3144
5723 5750
1435 7023
1750 3281
4695 5328
1644 2581
3241 6733
5115 6936
3235 7877
4672 6595
744 7187
7099 7617
6783 8134
74 5831
1210 6946
6805 7732
976 4274
2482 3154
226 2755
2002 2806
5848 7848
381 4452
2865 4384
1190 4320
7431 7839
2463 7921
4638 5593
1375 2368
2312 6205
4235 4266
2873 4895
4991 7884
40 1644
1732 4639
1896 4435
5244 5610
4220 7753
4195 8190
1570 4250
1839 4344
3487 8153
180 7072
1952 7874
1681 6287
6698 7393
1334 2293
2606 3714
5226 6933
5435 6468
1711 6248
2365 3520
6787 7478
2725 4545
1631 6082
3151 6902
4553 7919
3434 3758
3154 7852
1640 4193
5904 6952
411 4800
2299 5713
6249 6958
1909 5895
499 6572
1032 3054
1645 7121
514 2550
7098 8141
58 7898
3575 6487
1223 6865
4098 6464
1234 2090
1681 7114
2153 3583
1064 5154
4766 6293
2240 7896
1650 4741
943 5379
897 6327
2712 3335
2480 2691
5760 5919
3186 6492
3092 4404
2005 7359
4252 6281
1715 7302
144 2225
2699 6693
1592 4907
2641 5580
1880 4514
1835 5433
2592 5839
5107 6131
981 3345
915 4861
542 6369
1844 4179
202 2758
2653 3495
1643 6420
2281 7977
1993 4714
713 7789
2595 7400
4369 4663
3523 6138
6788 7079
1251 2546
765 5195
3021 4337
1686 4867
2664 3649
5079 6923
4635 8043
516 6271
1242 4242
2081 3406
401 2921
1565 3471
547 6700
195 6200
256 6790
1706 3383
549 2290
4015 6085
1599 7482
4219 7714
4601 6409
2617 3300
5513 6166
998 1992
3423 6550
2691 6842
1960 4503
3293 5792
968 3935
2424 7606
1284 2128
1895 4329
4183 6584
267 2433
263 7642
345 6540
524 4860
2350 7938
2728 6630
4737 7412
4082 6655
2615 5937
3892 3923
329 6309
2008 7488
2555 3260
1220 6919
1784 5618
2614 7489
1021 3469
1733 5296
2360 4821
591 2029
918 5253
647 1929
1367 2797
5414 8194
7455 7676
3692 8015
1530 3957
448 3565
2257 7356
3635 3992
4945 5074
3517 3845
1152 1480
2934 6692
83 7120
3618 3802
2345 7647
6411 6498
5673 7031
330 6544
2558 5025
2965 6730
996 6464
1344 4386
313 3394
2192 2980
3676 6185
298 578
1723 4583
1439 3031
2755 6187
3846 6556
1281 7084
2194 5932
2890 3854
3059 6419
4124 7083
4835 5706
2372 3896
2812 6337
89 7025
1965 5358
2313 6961
3676 6172
1263 7030
2753 3031
3907 4041
4023 8159
2870 4615
2752 3120
7020 7589
244 6632
866 5247
3291 3303
730 2744
2089 8169
88 7679
4827 7270
892 7737
6704 6720
4279 4698
2566 7285
921 6535
5553 6100
322 553
2603 6416
311 7279
4914 6980
617 2768
3320 5271
2359 2807
4816 6458
973 1173
4956 7315
5143 5852
327 977
7137 7534
3760 7394
6948 7555
5946 7979
5151 7353
1678 3953
4029 7834
1088 4108
236 621
7758 7767
2591 5706
680 6515
780 4177
5362 7966
5735 7049
647 6401
2710 4629
4193 6065
3206 6648
849 5035
4657 7444
2992 7888
1833 4862
1834 7319
2021 2326
5762 7865
1855 8173
5758 7281
6072 7035
640 3254
5504 6913
3750 7829
5448 7395
3764 5949
1655 2700
772 4517
2673 4184
5262 6556
1336 7159
2867 6229
1576 6356
977 2984
1505 4837
1902 2661
1649 3614
3238 4922
166 2126
1259 7199
2238 7880
2145 5404
766 7919
4160 6426
4981 6125
509 4887
5927 7711
4976 7999
2847 5635
1772 1971
1035 7258
2149 7234
5748 7639
4054 4255
286 2466
1961 6020
1976 6025
4978 7266
1415 2142
7155 8110
5035 5045
2973 5816
3849 6196
7354 7556
2746 4188
3485 7757
2968 3685
577 6188
426 5206
4394 5521
477 4383
556 2983
2327 4817
3344 4651
5546 5738
56 4534
5559 5824
1052 3751
590 938
3053 3757
4214 5470
4234 5812
1466 2936
2504 5744
1845 4816
407 607
804 7398
6137 7669
4084 5398
448 7040
2160 5279
5212 8138
714 2601
1977 7654
2958 4303
6067 6278
6260 7796
1559 3248
1096 2466
2521 4737
1793 6958
396 4166
3580 5960
907 6985
2716 6404
6182 6472
331 3323
1794 3354
2731 3022
136 4854
103 7881
5122 6211
1259 6409
5881 6091
5397 6403
1967 3213
4673 6148
6344 8002
781 5149
150 4376
1444 4708
4076 5517
1318 1399
1601 2047
5185 7705
1469 5509
2571 7579
5781 6415
420 5042
671 6493
1441 3171
1472 6940
2036 3877
1234 7092
2265 7997
3666 6178
1144 4450
1736 1889
5652 7002
2268 2510
4478 7261
1482 6391
4590 5584
6859 7064
899 919
656 6481
8048 8116
1847 6296
4882 6976
743 3860
2355 4158
1364 2635
689 7559
6794 7618
3261 3320
1076 3388
2343 3931
1499 6514
3459 7635
1257 6905
5286 5417
1609 5649
375 3288
707 4381
916 2388
6355 7503
3563 5203
2247 6140
7066 7110
2340 4969
7769 7853
4396 7799
1081 7356
6653 7248
5484 6801
1381 3940
830 7026
3655 4003
616 2531
1571 1821
988 5705
3959 5576
153 2082
600 4670
1875 3586
748 1747
482 6412
5068 6263
3391 4687
1553 4364
1211 4141
5540 6214
460 2386
554 3590
3598 4468
4780 5922
1430 3689
3667 8071
3576 5949
4475 5921
1263 7902
4253 4661
3832 5506
380 1766
1228 3531
2495 3637
3309 7309
1424 6869
644 714
4243 6780
162 6331
5982 7434
113 6532
2379 6721
593 3547
679 7489
3002 3164
3148 6947
6589 7708
3972 4258
2093 5613
1332 5558
1722 5474
7906 8084
1869 7857
871 2147
1061 2375
2359 5092
2138 4695
3922 6329
300 4588
582 2472
5682 6852
5175 7627
4080 4508
3753 6405
4122 4961
1456 6398
871 941
1165 7091
314 4739
1515 6620
568 1143
245 7595
4365 6056
54 1534
4026 7094
867 6339
1078 1145
605 3852
863 2872
4771 4895
2325 7985
3497 5213
186 7972
3700 7622
2139 3994
1726 2916
1147 4456
5162 5863
461 5782
1808 6471
3951 4925
3552 3851
196 6219
690 4413
4138 6712
2324 3437
750 7043
6008 8067
1131 6046
2353 4736
2844 7615
3790 6260
1081 6251
4272 4641
1307 8035
5689 6608
1213 5468
1548 4982
1155 6533
670 6667
3029 6991
7061 8143
516 635
4269 7163
1156 6167
7834 7837
325 420
7783 7901
1502 2221
122 3713
6020 6953
913 5411
5105 6397
6832 6933
3363 7391
2625 3137
1053 2729
2619 4277
1141 6018
534 756
4620 6021
194 5857
139 1201
5956 7241
403 6212
1107 7558
121 2706
3220 7994
2524 3980
6727 7132
4058 4207
479 1985
2964 7699
4452 7682
1707 2289
7206 7690
410 6114
2497 4428
1442 1511
4116 7178
681 1269
3382 7556
906 1305
1814 4261
638 6266
602 1698
2381 4960
6829 7103
5373 6497
3307 4096
5854 5886
6997 7010
4190 7164
6187 8129
1749 8087
490 1641
1550 3942
1262 5102
5283 6402
351 6243
3894 8189
1057 2915
5260 7570
3652 8164
3226 6017
2660 6756
2302 4606
4752 8127
1734 5367
264 940
2411 5632
1549 7308
3351 5680
618 7578
2349 3822
2211 7414
3624 4274
2909 3678
5383 6389
1243 4607
2449 7275
2529 5519
2167 3087
2679 7777
1837 3540
2051 6129
3816 6962
3230 6598
1561 7072
932 2566
127 1990
4500 5111
7108 7684
55 5024
4627 5058
665 4111
1774 5747
38 2497
1159 8115
4112 5160
2693 6506
70 903
3470 6983
3198 6476
285 3063
278 502
2544 8017
7692 8163
4278 7407
3307 6507
3214 4087
3076 5619
1533 1805
5318 7226
955 4374
3615 7349
5977 8191
3557 3771
3236 4842
6077 7765
1751 3950
981 6400
560 5221
5556 7195
1568 6742
1825 6625
4985 8034
398 901
756 4989
791 933
4309 5246
2208 4472
896 1990
4061 4978
5736 7336
453 3668
1897 2427
111 646
3487 5513
2337 7252
4092 7950
7315 7553
1142 5939
247 5031
6081 6597
1754 4240
4340 5067
259 5338
6710 7775
7146 7474
5293 7991
4389 6338
3867 8191
1194 3823
4002 7747
14 321
4463 8109
7511 7925
4602 4892
1921 4648
3132 6934
2928 6626
3706 6507
1308 5660
1016 3810
1205 1312
740 4480
1380 2695
588 3011
2918 7550
4237 4708
642 4430
2125 3182
2552 4383
3092 4581
4768 5272
5209 5716
3195 5712
6071 8197
7262 7723
1137 6042
1010 6451
376 1795
711 4696
3569 7264
2702 7021
5916 6866
2162 3221
2510 8144
3514 5979
4367 6582
3413 4702
3102 3163
177 4048
2050 4630
1688 6743
7857 8107
209 4523
833 3481
529 4806
3891 6388
2186 5697
73 7545
838 1243
5039 6320
535 2248
3263 5466
543 7825
800 5678
416 1244
6211 7818
3218 5826
1446 3190
6177 7677
585 4131
4290 6992
2812 4586
5472 6059
2785 2796
777 3209
1962 3914
4957 6240
1789 4756
3626 5630
2957 5411
1373 5403
1378 4316
1049 6462
1557 8014
6784 8045
3059 4486
3159 5888
1438 4554
2739 6929
2487 6480
110 719
1600 2332
2651 3178
1224 8064
6827 7589
3662 4557
2771 6646
1920 2452
6585 7018
188 1740
1667 5945
4221 7439
1515 6999
188 7261
7111 7372
494 3648
1149 5285
2429 4907
1460 7157
4572 5041
3058 7451
5016 6131
2731 6175
3272 4530
1009 4366
3828 7381
774 2122
4259 4641
2522 8113
42 4097
6 2163
5329 7701
2874 7958
3064 7277
2528 6008
3018 4551
4624 5346
329 2174
4105 5907
459 1139
2962 6912
238 3678
1825 5787
3022 5937
1286 5856
4432 8013
1721 4651
6884 7524
4884 5497
1175 2643
6528 7838
1884 6143
915 7827
108 1517
1981 6001
552 4122
42 6976
3868 7177
571 4596
6511 7285
5462 6225
1654 6725
4591 6474
2034 5258
372 2876
4262 5808
1014 4238
578 4808
7682 7900
1458 2142
997 2996
6301 6319
4430 6321
497 5417
852 6851
2804 5431
640 5667
3757 6419
1748 2852
1684 2707
2689 6126
2657 4528
2262 4677
1874 3530
4125 7347
4923 6310
917 3108
2389 5350
4916 6148
780 3726
2575 6063
2649 6863
272 2414
4438 6668
2631 4747
5399 6055
1397 3549
2484 4128
995 4646
4902 5255
1797 6874
446 5177
4298 6534
2272 5269
2280 4483
2840 8056
3161 7228
6701 7257
1342 8124
1085 3036
1186 4153
614 4069
2978 7309
3045 4455
1760 5879
1190 5082
1898 5674
47 4888
665 8054
1066 4604
1641 6555
2472 3321
1203 3422
551 7496
4810 7011
4229 5814
768 870
2942 5036
2590 6587
4825 6513
2551 6819
2311 7888
4345 5897
489 2216
3997 4067
3135 3524
4017 7297
4186 8074
3136 6874
4783 6073
1051 2960
471 3381
7060 7637
1794 6353
11 3191
4841 5786
2897 5740
2908 4949
956 6204
415 6352
3377 3742
1146 4950
2406 2720
1180 7964
846 2769
5126 5752
1998 2933
10 2898
3037 5724
3539 3831
6603 7374
2028 6261
289 4822
2705 5284
6135 6545
5572 6248
1829 2852
4342 7771
6892 7306
823 5799
7027 7221
1552 2735
4135 8186
840 2307
2329 5163
2624 3381
273 1906
3325 4857
4307 7443
422 5090
912 7059
3658 4829
1738 2801
4192 5670
7174 7990
2515 6723
1415 7832
4411 5838
5569 7238
1871 5759
1778 5330
4178 7394
5446 7998
5088 7920
6151 6452
794 5331
2018 3024
646 811
1648 7858
3667 6541
885 5063
1423 6444
1484 7599
2246 4623
3541 7673
1142 4019
268 3298
4796 7050
2582 5263
1677 5904
1118 7585
2309 7231
881 4771
964 7649
233 5264
1916 5709
2951 3040
945 7413
729 8109
807 1153
566 7992
5839 7126
72 4462
4941 5732
1510 4440
1194 6105
6005 6372
5266 6386
1410 6114
4427 7458
4330 5277
2688 3453
1471 7358
1351 1930
2814 4932
4406 7862
3705 5572
935 3306
2620 5552
2330 7808
3600 6127
5873 7318
6667 8186
967 5603
894 5818
5201 6250
4525 6175
1128 3186
659 1105
1467 3517
2283 7270
3234 4412
4303 7654
4147 4764
2726 5566
2050 4857
2139 5651
4807 6312
254 5282
427 7276
5849 7102
2880 5547
2420 6621
1124 7311
7576 7944
5422 7292
2915 7383
51 7371
2555 6560
3789 6641
4897 5452
1043 3823
850 6702
826 2317
1551 3912
2831 4379
2 6245
1583 3315
5331 8047
4996 8103
3536 4361
277 1625
2946 5578
3826 4856
5539 7731
6264 6336
1028 4103
1283 3344
445 673
3623 6900
249 4812
6037 6664
2978 7580
1760 2148
4505 6509
2431 4911
4869 5641
318 4781
3308 4540
2502 2733
120 2924
1449 2420
1567 3091
477 5752
2922 5545
7603 8192
1808 6563
825 4485
968 6324
1842 2069
7357 7375
1768 4377
1563 2864
5440 6557
739 5859
5633 7572
445 4585
708 6359
6534 7130
5032 7710
2636 2837
5303 7441
1702 2444
1924 7069
584 7869
5195 5987
5171 5281
3182 5094
2308 4003
5216 8146
699 950
6318 7038
2224 5501
7778 8021
3879 6036
1187 2501
869 7840
3121 3855
3034 5167
1692 5188
4629 7541
618 3991
67 4244
87 858
4090 6833
1705 4006
5269 5627
1222 3572
417 4012
2705 7286
1272 6421
1333 2676
5290 5991
3484 5291
557 1715
1642 5490
138 4680
2937 6362
5485 7952
3268 5179
485 4106
2604 7129
1457 7864
1433 5638
1714 6479
619 3318
3805 4019
1098 2611
2109 5943
5584 7379
5537 7707
4247 5865
2853 7327
759 7065
8193 8196
6400 7845
2622 5005
1191 6009
5048 7131
2335 7491
5693 6500
4851 6244
2493 7613
3449 4994
459 2807
923 8019
100 783
3150 5413
1031 1838
5438 8076
1403 5234
1233 6950
931 6847
2541 5165
1019 2358
2921 7076
1117 7522
2671 4393
2055 7604
4524 4870
1208 6849
609 5333
3235 6634
5861 5933
1417 5878
3177 5658
3981 6184
7070 8188
1068 7927
271 3876
125 5066
3229 7247
3921 5789
2794 5925
1505 4536
3276 6209
3158 5286
3335 7267
7272 7848
1462 2002
1033 1741
1119 7136
1324 3754
1500 1568
3983 6897
7723 8193
1491 7822
582 1125
2891 3627
6417 7536
632 5639
2819 7615
5227 6180
3426 8160
4267 5518
3803 5150
6193 7320
3311 5432
623 5581
1330 3290
4609 6974
3227 3799
1198 3200
487 6850
801 3147
4436 7960
3476 4690
7508 8010
3450 4919
6447 7275
1646 7290
1879 3066
367 4324
4916 5769
2675 8008
6800 6900
3768 6378
3518 7930
894 2652
3055 3815
2869 5231
7158 7928
1077 7459
3860 7207
1741 3177
4555 6157
1466 5650
3056 6380
978 6254
357 4554
4885 5507
888 3141
3336 7296
6216 7383
1134 1501
3368 8038
4608 7517
6094 7034
2383 6123
2171 5826
4910 8150
2894 4437
3876 6230
145 3338
1723 7563
4724 7948
4852 5671
2881 4199
5313 5530
1402 3230
1442 7446
1940 3436
2479 4937
4138 7454
3793 5994
3779 7802
1104 3783
378 2553
1456 6221
2348 6920
4300 7100
4149 4638
1628 3174
6137 8042
7408 8093
4499 7004
1776 3965
4574 5269
770 4597
2352 2586
4359 5083
309 2823
163 5806
2191 2859
350 6217
7344 7480
1519 6194
248 5621
1336 3953
3480 4489
784 6297
5366 6270
3580 5071
2844 6311
5308 5502
145 8049
77 8132
2153 2853
1954 6622
4602 6267
6966 7287
1788 8157
5873 6737
4160 5248
2708 6590
992 4939
6355 7630
5724 7662
1843 4767
711 3001
3032 4395
246 5442
2267 7422
3748 4899
1762 3599
1589 4353
1883 4325
5591 6075
4682 6076
1876 5953
3228 8025
3973 6228
6089 7554
570 1941
76 5785
3417 5564
2888 6162
7135 8068
3737 4893
883 7995
1515 3756
1904 6779
4859 6516
2109 6295
3406 7021
4740 7409
2102 6013
1920 3155
1188 1623
3807 7260
3948 6786
3837 4644
1710 3098
2819 6493
1157 3091
1434 5600
2096 7702
3862 5273
5344 7129
418 6913
2647 5164
2567 6522
135 2086
3802 6765
2503 4847
344 7882
2416 6074
1001 4908
3712 7776
832 6700
2507 5792
4988 5544
4373 7359
123 2445
1498 3641
3126 3703
6619 6719
2012 5111
3103 4762
1150 3200
1496 3640
2627 2877
6644 8037
4504 6623
4270 5820
91 2727
5205 5575
1323 6695
512 7803
240 5270
342 5675
2327 5301
931 7543
2722 6532
5535 6100
450 7085
3952 6344
688 2732
5125 5242
2884 4754
682 4198
2827 4111
2963 5259
935 983
2941 3685
177 8126
1368 4530
615 5969
727 5913
5047 7742
4597 7212
1756 6495
1274 2511
3833 6948
25 908
98 5841
1826 7428
577 3618
333 7398
2156 3371
1694 4112
1333 2172
2738 3493
3374 4534
3488 5221
3399 6130
4821 7345
4322 5009
5877 6899
3379 3814
2206 8165
1872 4809
2363 5061
3183 6624
1247 3917
1099 2071
3494 6332
104 1426
6215 7203
5571 5774
2943 7675
332 3639
3496 7107
3454 6103
846 2391
2433 4828
1233 3301
2514 5494
4575 5086
2106 2352
3486 5162
5911 6291
4685 6245
1364 5914
2625 4786
6052 6725
863 4728
2022 3329
1932 5250
2920 4974
537 2757
1440 2892
1008 4154
4954 6454
1213 8045
2001 4858
18 3696
4709 6028
5271 6686
7512 7739
3806 6627
2113 2265
492 4465
2254 7417
3728 6494
3748 7712
103 1564
1320 5342
7566 7918
4751 7687
359 6739
649 4539
5484 6261
518 7658
3609 6198
5670 7917
2154 5107
5494 6669
1092 6815
4194 6483
1603 5976
2108 5751
7584 7971
4442 7883
4070 7321
5837 6866
1203 1587
2532 4768
310 4320
2537 7876
3106 5942
4741 8142
1150 2697
4548 6613
1114 3890
2882 6154
4810 6895
1809 6368
3867 5779
3491 4360
4259 7778
29 6806
1029 7164
1518 5818
2332 4727
669 2736
1012 1154
5172 6740
2449 4310
4073 4283
2758 5141
3286 7075
937 2629
4001 5739
2481 7033
1407 2110
5205 7591
2207 5726
2207 6023
5099 7441
559 5745
724 6634
2477 2522
1111 6526
4025 5880
2714 6474
2055 2549
3067 3068
1391 6875
1585 7616
2505 4293
84 2660
3427 4507
2223 7574
5200 7680
702 4719
5902 7610
3762 7244
1906 5581
3405 6566
5353 6717
695 4312
572 3765
6107 7722
1387 4662
2108 5402
234 8085
1269 7811
2682 7663
399 2583
1647 7846
5030 5550
56 5950
2464 5894
2856 7821
596 4871
2810 4686
5306 5755
4815 5877
3889 5050
2011 3731
3781 4448
5233 5512
4956 5290
6770 6942
219 3546
2043 7764
3546 7667
844 1307
2067 4583
4874 6672
2177 7348
3900 6515
4273 7859
884 4337
1586 4832
2994 6193
5948 7782
716 1377
337 4097
4285 6734
1355 2667
672 2298
532 4332
1106 4422
3553 6323
104 3056
2863 6533
170 1972
2353 7942
776 3117
347 3310
2680 3895
3498 7773
6630 6822
1383 7936
696 2583
500 4249
1317 3041
1638 5999
1907 2243
2768 3146
2703 4839
6658 7119
4594 5378
433 5308
242 1245
4466 7732
5469 6929
4979 7800
4637 6696
697 5918
140 5643
998 5067
6407 8136
1701 4084
3220 4980
2857 5811
1658 3548
7079 7305
1044 4999
6208 7963
2860 6330
2144 2499
2685 3749
6158 6736
5999 6318
5608 5846
449 5115
224 5692
3646 5715
4802 7781
3003 3924
626 2023
1720 3951
1803 5174
3271 6356
4363 5454
4783 7495
3990 5339
5975 8190
2840 6092
3959 4944
2839 3205
837 6811
4949 5288
2966 6672
452 5800
1277 1815
2366 7529
821 3839
2037 6401
137 7259
3801 6282
2774 6916
409 5248
1303 8003
1136 2988
1831 6721
4336 7031
2495 3243
4903 5924
2059 6959
466 7254
1736 5352
99 1407
179 1038
3246 4809
1494 3723
2339 6496
920 5318
1082 5136
6797 6955
3249 5967
6886 7097
4798 6065
409 5810
1887 3866
3916 5858
2248 2769
2390 2529
4391 6616
855 7187
305 6705
6877 7875
3147 4883
181 4901
3398 4542
2678 3646
1321 7197
1287 1614
1848 3144
5173 5916
4798 7823
3461 7620
3791 4593
900 6490
6824 8026
592 3850
3713 6615
2442 6172
5208 7629
6600 7708
6161 6890
4516 4705
4254 6281
1230 5813
3669 6465
2401 4799
1362 3131
6156 7824
2286 2684
721 1701
2534 2637
6928 6959
1826 5941
4674 5456
1065 6236
153 1849
3109 4300
3197 8007
2956 3594
839 7577
3369 4326
5129 6200
1803 2260
2875 6298
1072 5637
2476 5810
4125 7262
1181 7472
2516 6220
3212 3362
3012 6429
6460 6930
214 1840
2575 6301
3448 4403
3888 5737
4380 8171
4742 6420
2228 7290
6435 6983
3312 4725
5876 6246
1994 6132
1403 2607
2349 3322
4762 6147
4866 6345
3038 3943
3553 7162
4690 5275
4123 8182
2054 4474
1251 7786
68 4362
3512 6276
4015 6111
3744 7595
1343 4527
3976 8023
6289 7887
323 2922
1429 6027
1485 3232
95 6587
1714 1939
3669 7214
3353 6684
394 4380
2288 3738
4214 6969
2047 3680
7358 8137
5240 7972
6054 6396
4650 6092
651 2905
1804 2179
1866 4676
861 3833
3492 7603
1875 7908
6130 6902
5764 6353
1265 7540
875 3806
875 3399
5015 6538
3116 4215
136 5422
82 5772
4414 7528
6557 7009
2415 8104
6898 7831
3290 7854
4467 4479
4555 6501
2998 5611
1458 7338
1157 7483
1048 1603
5324 5956
3223 5026
7370 7895
2120 2137
524 8050
890 1464
5368 6278
7196 7868
6418 7377
4934 6490
124 2443
45 7167
346 2133
1327 2279
2444 3127
3979 5684
2698 7369
738 2784
758 1465
2719 6121
4823 5300
269 4450
1024 1452
1557 6351
2690 7968
348 1928
2744 5403
2236 7645
6111 7815
944 2044
7110 7407
5421 8008
1610 6647
839 6628
4781 7039
6752 6850
3585 4843
102 3616
1669 2367
4533 6728
5261 6021
1063 7550
5674 5748
3581 6790
4615 7304
1397 4265
4220 6755
5069 5965
4032 6110
1143 4770
394 2187
6898 8096
1811 7820
1385 6410
3305 3731
2161 3917
4102 4905
438 5776
2350 3486
1516 5211
2311 5833
857 4215
6438 6622
5224 5242
3326 4210
4276 8117
4224 7122
4624 5946
319 6062
847 4256
2201 6911
4142 5121
3148 5712
4218 4408
1434 2553
4043 5939
1917 6028
4606 7367
3055 6903
3836 4393
4527 5743
852 5704
1768 7575
1841 6136
1646 2899
365 1508
1770 4326
5732 6233
5692 7411
6949 8162
6466 8123
7402 8028
1196 4302
3218 3672
5044 6782
834 835
4667 5434
441 834
704 5869
2133 2170
2204 3640
2212 5140
993 4297
1376 5120
204 1024
6166 7726
2959 7190
1624 3643
2689 3620
334 1516
2465 7907
43 3204
1287 4421
4758 7715
4679 6642
1105 1703
4498 7241
4492 8069
4732 5511
1436 7392
1763 4331
374 1938
1077 7284
1060 3043
5846 6560
591 4514
419 6735
720 6302
3938 8057
1937 2407
1624 7176
6978 8009
1621 7413
2193 5180
2985 5471
717 7256
656 2815
397 1574
3024 4149
131 5647
3638 7616
4739 7884
2196 5138
1995 8122
807 4538
222 6384
381 6489
1804 5034
7518 8181
4700 6758
395 5842
760 5640
4948 7614
1620 5805
1967 6621
432 7939
1704 3315
7151 7704
1504 7705
1225 2627
1896 5595
1672 3984
3525 4663
2734 6015
619 6956
3021 5114
741 6896
1948 4733
1258 1913
3661 6917
4423 8037
1322 6984
3208 6283
568 7179
1977 4007
3451 4525
1343 5121
197 3345
6377 7581
3274 6045
1009 7323
4788 7742
1115 1966
4379 7899
2112 6341
4304 4533
3996 4880
48 7292
4028 4359
2931 3967
2448 4678
253 7502
2305 2484
1524 6773
3638 6258
383 6662
4853 7756
6261 8068
6905 7633
2721 5788
3437 4854
569 6294
3895 6759
493 5322
2595 4305
4086 6965
13 5388
3742 6749
3745 5025
3340 5757
2740 4834
5611 6393
1237 7132
2402 6968
2846 2914
1288 3062
1507 7213
2290 5983
1293 1635
775 2923
2028 3238
891 6529
1629 7076
1180 5977
1232 7809
6121 7531
5323 7970
481 1292
3030 6847
1936 2514
474 1301
5413 6564
6739 6788
1891 2808
428 5552
2464 6336
73 4062
5457 6026
5954 6219
312 1687
2189 8165
1765 5597
1013 5276
6445 7903
5137 5239
1291 1359
3294 3373
689 7730
5466 6500
867 3880
4618 7354
1271 3405
645 3292
1050 5763
247 8006
112 6683
2677 6581
7171 7678
2764 3746
4617 5156
919 4913
4038 5672
3222 4858
2822 6809
4013 8097
6826 7571
1314 2734
1365 6809
410 2931
1528 8135
32 1668
221 3258
924 6001
4939 5707
330 7984
781 7178
7320 7644
317 2927
5987 7303
559 7905
812 7729
513 542
4210 5093
4099 7617
1495 7776
4973 5832
118 4529
715 3241
2952 6574
643 6116
5558 6520
5562 7767
4495 4621
1873 6789
1591 7418
2909 3201
540 1015
97 1254
5783 6568
4346 5212
387 1566
970 5390
795 829
4641 7143
4455 4553
7253 7870
3906 5606
4042 6036
1061 2929
5324 6523
841 7681
2368 5766
745 3012
5095 7552
4143 7686
4734 6599
1861 5995
2646 5116
4141 5568
1790 3719
6803 7678
3237 6198
612 942
4589 5398
601 5019
3023 8039
3739 3813
5680 5866
2388 6937
6652 7858
231 6054
2163 7588
2033 8059
3845 6236
3311 8102
2539 6980
2274 5974
1882 5220
2725 7983
85 2463
1536 5299
2076 3558
848 3857
3808 7525
3360 4009
5265 8154
275 1411
4049 6084
2460 5348
4526 7429
453 2721
947 2938
240 4834
6108 6946
942 5925
991 6518
1042 4397
979 3118
1863 6677
613 4686
3993 6549
4882 6491
1572 6152
5007 6846
38 6882
1379 3702
2770 7449
1226 6142
6189 7719
5454 5778
3866 7055
734 6714
3322 6632
3521 5084
1299 4200
1680 5450
2773 4531
1742 7166
3718 8192
2246 3145
2045 2504
4519 5432
6351 8029
693 1103
2801 7099
2456 4449
5394 7130
2058 2245
2394 5743
2821 3915
1514 4940
1214 3787
3503 3644
6291 7782
1367 6439
3651 6589
6637 6791
778 4876
822 4822
5363 6627
244 4626
1626 5744
3243 5391
5825 7519
10 7659
3886 3966
567 3201
2395 7435
3069 7175
1787 1925
1707 2695
1604 7539
372 2910
80 574
2016 3623
5531 8112
340 2485
4385 7166
350 1055
508 612
3880 6918
2158 7291
3925 7535
353 1094
206 3330
4580 8114
1547 2269
2886 5642
3934 7671
3095 6893
4745 6505
2947 6606
972 1821
4459 6597
4165 6796
5765 6072
252 5267
1556 5243
1402 5998
1757 7598
1657 3687
6962 7914
1054 7520
1663 6552
5442 7557
545 827
1023 7933
156 6366
748 1112
2369 3193
1775 1870
3097 6321
5037 5796
1310 8124
5182 6830
1245 6601
4562 7636
291 4126
3610 5361
1018 3737
7435 7736
703 4806
3372 6392
3862 6324
5479 5967
6542 7968
154 3992
3516 7286
62 4410
1795 6703
369 506
3489 6446
2611 3403
1620 5718
2339 3259
944 1304
3501 7913
4163 5102
4979 7752
4188 4650
4677 6974
5635 6370
250 4371
3891 7081
2140 7095
3295 4152
1140 1418
927 6747
6645 7835
5180 7433
1389 1769
3157 8163
6231 6996
2704 5381
1864 7071
3192 3332
5900 7439
2014 8147
6960 7867
1903 6706
6110 7924
4594 5316
1275 3212
137 2131
594 7943
1443 4861
4560 5443
5656 7587
2944 6084
351 5223
289 2228
6342 7844
4022 4024
469 8023
5297 7232
1957 2889
1318 6468
5284 6856
4509 7646
1571 2997
617 7506
3721 7669
2276 7931
1428 5228
6235 7962
198 7959
1109 7156
2013 2792
2015 6629
3830 4171
5872 6212
6228 7695
3417 8060
3167 5038
1113 4186
119 6484
3621 7089
2347 3647
2053 6673
3870 7751
4830 5343
5762 5909
328 7198
2471 2879
2517 5994
4833 7409
985 3075
1124 3841
3361 6722
4544 5641
3532 3872
2850 6294
5857 7761
21 6485
63 4725
1538 5196
2062 7378
4488 5008
5723 7246
1399 4656
7666 7987
2159 5392
1985 4952
4072 8082
811 5793
2559 6506
442 4307
270 6712
4569 5819
2644 6524
767 4162
655 4512
2569 3266
4140 5900
72 246
218 1040
1573 3989
1126 8095
482 4471
7 7935
2930 5046
2041 5686
4091 4280
1912 2584
671 5298
2571 5812
2717 3464
1962 4289
3041 3348
2188 6206
2502 4203
1921 7239
5064 7800
15 5030
1065 6768
1441 2658
1619 7792
5696 6097
1926 7844
384 6562
4367 7523
2557 7599
3260 4156
6837 7338
2124 3648
5534 7168
3937 5753
3279 7651
5562 7521
594 4409
5291 7546
1673 5404
1694 4434
2321 2752
1964 7975
108 2910
498 5617
2763 6523
4052 5374
2240 4129
3515 6362
975 4513
3819 5697
5405 6382
4761 7965
2440 5677
2214 2803
3 7672
4296 5965
4722 5098
664 3136
2438 5334
5870 8034
3477 6286
2196 4875
4564 7966
932 2373
1526 3074
1496 5850
2380 7341
3008 5069
4010 4411
1555 5474
109 3684
1973 2039
1062 7578
5599 5794
335 1761
87 356
1416 7134
5502 7565
2764 7614
2663 7430
3180 6854
3079 3628
895 3137
2007 7812
274 3172
235 5899
2247 7917
3738 5663
2496 3385
3798 7661
4172 6524
2912 6019
1425 4561
7670 7940
4997 7849
1328 1431
957 6231
1313 8022
1596 3299
1380 3918
2686 5222
1377 1719
1253 1871
1690 2396
5495 7610
531 2776
5017 5170
2906 7802
2171 3956
122 3226
680 4364
7068 7860
6596 7265
2799 7537
1264 3967
3070 3120
729 3569
2895 7933
5716 6537
633 2456
605 3593
3035 4613
2215 7175
4838 6895
2101 4778
3245 3863
3421 7597
728 2393
1616 7784
1666 7324
4623 7922
2341 5934
3634 4126
2106 5585
5983 6316
1027 7473
2225 7337
1286 5230
3063 5147
1621 6434
4965 5208
5952 6174
6848 6860
2297 6423
4018 4281
1260 7951
3166 6147
6390 7077
1429 1432
2284 6838
624 3567
2854 3166
4399 6439
33 7904
2448 3848
4755 5590
2435 6633
4308 7042
5516 6862
531 4648
3189 6762
3647 4878
2094 2649
3775 3838
5159 7636
5032 5141
332 5599
1020 3301
3732 4275
5014 7511
11 1004
337 5429
773 4649
5815 8132
4683 4718
2049 7833
3143 6615
4424 4954
5451 5912
3654 8074
2837 6218
6885 7748
2613 6456
2891 4483
1537 6660
336 1199
7239 7477
659 4471
5991 7039
207 520
1007 6982
4447 6910
2898 3761
3508 6201
1600 5260
1679 5718
3630 3989
7513 8175
1697 2903
3944 6888
3408 7560
2083 6384
1427 2757
1022 3977
2561 7063
5386 5619
2320 6656
241 4662
315 2651
2003 3817
3022 8040
1315 5951
1338 5497
1784 3725
1260 6040
1562 4889
4967 7149
431 7525
98 5272
5902 8107
2632 5251
1450 2806
231 6819
1552 7955
3703 5339
451 705
1955 5816
1846 6300
1335 4227
2653 4953
151 3432
4494 6794
4166 4938
6209 6440
2712 6453
2259 4140
4501 6511
4959 5496
1045 5645
3080 6782
1857 7507
6328 6656
574 1363
3766 8080
1325 6610
253 8065
4803 6313
288 5493
196 5727
873 1054
1294 1531
4305 7200
4862 6106
5183 5853
1471 3578
6727 6831
471 7156
2356 3520
4083 4372
1506 3914
125 7070
1607 3604
792 2681
3222 7695
1309 2591
2326 4146
7514 8119
722 5455
740 5155
597 5468
3080 4552
2164 5607
6270 7221
2563 3843
4848 6853
2253 8152
728 6915
3971 4357
1365 3442
5903 6884
105 7546
4325 7670
2061 6156
4419 7843
4433 5945
2198 3074
5001 6568
813 4746
2961 3733
2033 4675
2536 4811
2080 3654
4114 5573
395 5955
898 6593
4461 7209
5893 7373
1664 7664
3453 6222
3499 7154
2766 7219
6342 6580
3102 6242
3839 4093
4456 4958
723 5184
1980 7448
319 6466
1282 6305
86 4418
6812 7926
536 1742
5594 6417
598 2925
45 1954
4035 4782
6577 7426
3084 4078
2845 5563
2535 5477
2841 7248
5196 5865
2412 4170
141 1546
4353 6830
4864 5828
1384 5704
2346 2842
4479 6907
4975 7098
3269 5586
69 4528
3960 4996
2760 6327
539 7941
6709 6834
5757 7533
3185 7305
1392 7022
1360 5430
2762 3076
3749 4358
82 3943
855 4406
4518 4613
2310 3441
6239 6347
7008 7437
2487 5334
1083 7127
39 1345
418 985
2200 7233
390 3824
473 4284
324 7867
1959 3642
2208 7872
1082 4785
3134 7648
564 2185
2713 5222
3061 7688
7153 8169
3045 5747
1581 8004
1576 1643
1491 6488
3143 6508
5847 6812
4753 5754
1327 5051
4301 5669
2742 3570
1166 3284
2696 5695
4836 6817
5197 6896
2428 5528
3974 4665
4955 6537
5118 7205
1699 6802
1013 4482
2542 3119
2468 7847
5549 7762
4541 5257
1851 5790
560 4763
3844 5905
340 1255
5852 7529
2605 5703
2371 4664
3674 5114
809 2423
5234 6215
2155 5678
283 4642
5338 6813
2488 6413
2847 8121
6334 7744
1056 1880
2645 7133
1315 5254
7273 8198
4071 4634
5620 6179
3677 6604
2786 3358
6077 7242
5445 8021
696 6747
794 5139
2329 4204
1345 2857
2402 5521
2123 2473
1087 6448
1955 6609
5981 6299
1107 1684
3454 7785
2024 4118
1389 2151
2130 2946
6442 8024
2620 3854
1807 2035
4625 5499
2532 7014
6757 6963
5108 5383
1777 5059
2732 8055
1240 6805
5054 5929
3032 7998
2310 5614
2214 3440
2596 8145
6455 7521
2950 5169
2443 3072
3957 5278
6611 6907
3613 4118
3701 5359
3872 8148
3963 4011
3887 4717
520 1360
3206 7837
3176 7493
862 6518
1161 1490
3109 3923
3408 7815
1747 4074
3765 4814
1733 3244
3853 8128
1897 6048
1938 6709
4478 4666
2568 4494
2791 7937
663 8143
575 2168
484 3792
4396 5883
1167 1298
6775 7155
75 1986
3624 6279
904 8179
5178 5920
450 5668
3466 4032
880 7906
683 6741
4295 7374
2396 4120
3697 8200
1580 5936
3006 5695
3663 6459
4275 4348
1047 5071
3249 3424
7547 7628
2307 5425
287 5917
3982 6340
4932 5721
220 1725
491 5512
3346 4699
7028 7951
6406 6643
2375 4321
144 7715
6981 7113
3130 4448
424 1188
683 5465
2058 4046
1118 2408
3095 5629
535 4801
1383 1432
3794 3941
6942 7396
2644 4633
3277 4221
989 5601
3645 7621
844 2777
4081 4374
1486 4329
1993 4863
1439 4997
1419 7582
6857 7182
5992 6418
6450 7269
511 2140
6635 7981
2528 6643
853 4938
1767 4481
2521 3027
5236 5980
5503 6687
602 4558
3446 3730
3386 4951
2974 6383
4780 7870
4723 7423
1421 4056
191 7803
1645 6767
553 2016
1069 6257
256 4365
3852 5868
1453 6309
1238 7165
6273 7518
2377 5918
3809 4543
1034 2926
3808 7494
3497 6440
766 5986
2498 6039
1412 5188
4655 5407
3813 7019
818 6454
5542 7458
3617 3858
4202 6638
5148 8106
1691 8059
219 3158
14 5171
939 3571
1279 3263
3584 6080
5838 7028
2492 3407
1279 7463
210 468
160 1540
2345 5594
3250 7397
5065 7807
4905 6292
1899 6953
3785 5652
1743 2908
1947 3707
693 1144
5412 7623
343 4647
1241 2169
1558 2754
3972 4130
2525 4610
544 6841
1270 5710
5828 7798
1667 7490
1372 3181
358 588
1178 5764
3633 4199
2422 3729
3138 5319
2868 4709
4841 6112
3835 4065
364 6694
653 6350
2025 2127
1171 2949
1395 1544
4691 7281
563 1453
698 7874
3690 5042
3237 5851
5321 6536
5326 6839
2457 7585
2092 6973
4021 4356
668 6744
2243 2972
1635 2828
5847 6090
1446 4890
3515 4472
6573 6735
2183 5139
3982 7313
7592 7738
7294 7737
710 2152
1573 5604
3909 6674
1934 3378
2935 5795
3005 3612
5708 8075
2038 4877
7035 7415
849 4598
173 2870
1496 7561
800 5053
1010 5790
1894 2274
5821 7674
402 7016
5428 7688
1161 4804
4085 6271
147 6155
2710 4983
2971 4398
4092 5796
4389 6145
2828 7109
7340 8073
2646 5352
2737 3568
4485 7116
1869 5056
3596 7869
3169 3574
969 5620
751 7685
3723 8175
1021 6095
3101 7696
2950 7542
1606 4787
3897 8183
1204 6486
6056 7405
4776 6199
352 7339
843 1160
192 6678
960 7368
1777 5768
878 6979
903 5276
2632 4704
4763 7609
959 4268
2152 7698
211 1451
1120 4581
497 3384
437 6564
2674 4614
278 2527
3375 4426
519 1814
2136 6039
2322 5668
1774 2227
2890 5166
670 1989
2612 6864
5435 6504
172 3108
242 3888
1765 7581
620 1995
5875 6640
4504 5156
6333 7348
3760 3848
203 6558
1172 1987
709 6206
4493 7638
2864 7923
1326 4515
2162 2912
1798 5833
3274 3797
2748 4829
812 6160
820 4875
1905 3694
991 4100
2275 4766
3161 6581
1748 5795
3296 4881
3353 6141
1218 6881
5396 7681
4701 7472
3659 4496
4212 5688
2843 8011
4218 5076
5375 5453
2678 6376
152 1468
2334 6326
4620 5262
521 1396
3677 7633
3004 4005
1740 2719
7376 7721
2881 7244
6662 7299
639 2118
2526 7535
477 7984
6346 7138
2496 8108
76 2430
6066 6395
2453 6873
2404 3512
780 5926
1469 4131
3715 5835
2178 7992
1135 3987
2478 3156
2683 7977
1930 7953
99 6661
6363 6376
3358 5930
3902 6869
1542 5329
1097 3179
1373 1553
1340 4219
283 3009
5577 6035
1751 5006
910 5257
539 4095
3419 8070
5648 8097
1950 6403
3858 5596
7016 7766
2264 3239
3600 6606
643 1999
5193 7665
1376 6496
258 6849
555 3375
2068 7982
400 5292
2617 5944
1676 6719
2344 5573
4840 7301
1946 2866
3247 6848
6423 8036
1833 2181
1820 5072
725 2398
293 3795
4232 4756
2824 7466
3688 7325
1230 7169
1163 7775
470 2826
427 3859
950 1931
1228 1474
4847 8170
877 5784
3245 7861
7140 7750
982 5893
5237 5540
838 4216
5304 5555
2241 2794
3871 7123
2150 6378
4578 6836
3298 7065
2865 5273
3452 3834
2935 7257
4187 6918
1462 3835
3709 6870
5909 6265
3605 5840
1758 3215
5090 6695
787 6845
2638 8155
4 5076
1344 6307
533 3027
200 7205
3302 7222
4363 4903
211 5896
1215 3739
1903 6221
102 4759
3134 5974
541 4665
2874 3774
6648 6688
2572 3273
958 4271
359 436
4497 8014
816 7381
4014 4887
4482 6595
2425 2983
3544 3547
3814 6947
660 5894
3509 5147
2371 3388
2854 4432
4192 4546
4591 7738
7476 7660
4388 4415
2508 4230
2017 4176
5186 6825
2188 2237
3968 6845
3786 7576
3289 4948
6051 6063
6218 7989
5507 7498
2771 2775
3938 5429
1591 3591
6746 8052
3799 5624
3975 6087
1223 2805
1 5056
3044 7512
190 3841
6172 6580
4931 5391
1988 5359
4158 6921
1829 4296
2269 7817
3097 3327
75 7308
8112 8188
1232 4175
1357 3671
3893 4827
4574 4632
2745 5387
2447 3536
3433 6873
1171 3627
5480 7210
3444 5350
2075 7667
2362 6000
4808 5277
3772 8166
1900 6303
19 7192
6058 7583
4542 4733
7014 7277
4063 6122
4137 7961
3051 7538
385 4828
1504 5948
2018 8201
2508 7351
5304 6145
1824 2674
4971 7424
1831 2242
3978 6676
5410 7168
2604 7336
1015 4189
2924 6855
2455 4990
392 6665
28 8166
1167 7245
2264 4524
4531 5049
2297 4385
5560 6227
7302 8056
3481 7213
2098 3576
1816 7533
92 5630
2878 5415
4793 5719
5393 5655
2498 6729
792 6302
908 2115
5682 6047
4288 4679
3472 8133
2899 3264
2239 3054
825 6434
1268 2602
2017 7905
2703 7956
7329 7657
1976 3033
1882 6477
1744 7047
2390 5199
5168 6570
5463 6443
2570 2619
2098 3707
27 4951
6341 7744
1725 6618
2020 6699
280 7206
4978 7033
483 4986
2358 4888
5884 6390
604 928
493 2679
827 3125
279 2385
6552 7240
848 4132
2920 4894
2314 4870
4842 5742
558 1036
3519 6579
1536 6260
702 3377
1165 2939
1640 2597
854 6742
3048 8187
2338 6777
2418 7087
1308 1440
1718 6926
4469 6613
3540 5154
366 4927
2677 7471
94 6686
1634 4350
1079 2609
3567 5105
1252 4549
837 6269
636 5973
3832 4191
243 433
823 7322
3554 6451
2478 5615
4237 4819
1854 8176
2027 4386
4976 7638
3935 5051
1049 3535
6832 8061
573 6879
3722 7796
3681 4838
1476 2405
2042 2287
7762 8038
5110 8084
1116 3918
1759 6573
2628 7927
25 5751
1522 6908
39 5241
851 1231
4113 5569
1839 4640
1210 4153
3096 3492
1746 6450
3063 6547
587 7227
1483 2479
824 1433
3856 5662
3050 3565
2035 6544
3511 5349
5054 7377
257 2416
4000 7733
1606 3404
2509 3052
412 7982
2959 3591
1296 5346
1806 6249
657 1949
1652 2659
2162 2658
2621 3830
4027 4101
5169 6698
2488 7384
4777 8053
5896 5922
110 1110
284 8116
3006 7059
4429 4772
4038 6685
2493 7539
1815 6305
2312 7799
1294 2351
1264 4005
749 2698
1650 7944
2861 5530
361 1578
596 3083
2639 5791
260 1538
3146 5817
3350 4457
321 7004
5409 5645
4846 6329
5343 7115
5328 7055
1352 2634
212 6508
3849 7580
3478 4044
4720 6425
4395 5100
5158 6179
1431 4953
299 2273
4288 5483
678 1851
120 3047
5993 6504
2306 2639
383 1847
155 370
3363 4666
2681 2896
3470 4509
2485 8091
1613 6475
624 7814
1480 2965
5433 6711
86 114
1461 5170
4569 7357
507 540
6499 7602
3142 7247
2590 3673
341 6253
1310 7903
2175 4865
515 7740
6653 7570
1879 4579
2440 7560
1381 5029
4136 5128
1384 3423
2252 4443
1242 4487
6237 6343
4972 7846
2046 4299
3239 7713
1597 2540
32 1856
362 4787
5895 8017
7373 7538
1901 4526
1559 3370
1824 6361
2107 3416
361 6527
1244 6738
1074 1651
358 3468
964 6711
3500 3780
3566 4710
2277 7818
158 3711
217 6678
6501 6586
3533 5533
616 1489
5150 6101
2384 7924
149 1158
1810 5885
1521 6892
3125 4605
2147 6038
3455 7330
4879 7825
404 2030
685 6915
1040 3636
4088 5835
2435 6763
3698 6276
241 3910
550 4197
2078 7623
7524 7700
3073 5498
622 7852
2759 8096
276 4789
80 2227
226 5961
850 4427
4049 6359
2669 2688
2370 2612
7038 7093
3131 7795
1400 7457
5714 5725
929 6183
1964 2404
1602 4074
6191 7826
4774 6295
6982 7993
3369 4891
675 7191
4130 4189
1201 1349
440 2756
3457 6879
3529 5266
441 1341
2450 3304
1788 4584
4139 4266
858 2667
4872 5717
1068 7006
5345 7640
2212 4656
803 6771
5176 7785
1627 5062
1608 8153
4150 6512
2414 7561
654 2336
1509 6260
2346 7885
6999 7704
1018 2117
2998 5971
4911 5335
3397 3528
1713 1957
804 6094
958 2687
229 4510
368 3207
787 5595
306 5774
142 883
738 7816
4400 6774
1637 5519
5181 6238
6611 7584
2842 6714
1996 5908
694 5216
3482 5073
4079 5423
2292 7326
2550 6106
1138 4420
907 3643
81 2547
277 4540
2562 4053
3413 7282
1868 6322
6134 6640
1473 4631
287 6860
943 6717
159 5020
763 4075
7200 8005
2582 7684
2763 3465
5011 6968
197 7150
4213 7126
761 4408
3925 5733
2335 3751
1069 2704
7201 7375
1590 2219
1086 1175
853 5330
1177 1823
951 1922
3826 5471
817 4565
3173 5621
628 3875
2996 4498
3979 7658
4351 4671
2843 6546
7013 7174
6064 7096
3550 5823
2602 5963
5976 6536
443 3966
1339 1493
3689 6758
1710 4064
2875 5214
4480 4582
1639 4433
660 2760
1420 2830
3282 4722
4658 5735
205 2906
2174 4298
1370 5609
176 7043
3941 4083
1923 7797
712 3720
1709 1994
2948 7544
3642 7298
3523 7192
1361 3348
2430 4937
3859 6612
1592 5269
1477 2864
2854 4873
488 1262
2073 6934
264 3247
4204 5189
407 5605
465 1057
4682 7782
1086 4281
3084 5440
3936 5615
308 6545
2285 5104
1604 6122
3885 7414
3594 3881
7040 7273
4931 6158
64 2239
3378 4055
131 3983
3633 7516
4721 6530
2338 3007
2410 2607
3800 5436
1416 3573
379 3600
1730 1969
7052 7531
1174 1984
2056 3157
1555 4571
3788 5072
1785 4474
299 2827
1987 2015
957 2846
132 6840
5049 5634
5048 7918
625 2680
5941 8125
186 4095
3420 3901
1278 5536
1332 3058
1845 4407
389 3462
4412 8018
3690 7855
3403 7601
30 2318
5996 6014
1572 2283
5077 8054
2579 7382
1212 5908
2199 2219
1127 3982
2714 7314
3506 4748
4692 5153
3256 5082
5837 6304
198 7499
3293 6836
218 1063
486 6112
1279 2869
213 5001
1316 1965
930 2954
3660 5876
1193 6823
3248 7259
472 737
590 3843
1887 3503
1766 2390
3418 8182
1153 5849
2057 4855
2205 6337
66 2861
5514 7406
129 2376
1018 8005
1786 5808
767 7041
5897 6827
1933 2777
5101 5683
2372 4998
1867 7701
365 1956
212 7625
1654 3419
6578 6704
7810 8075
311 4333
820 3198
2599 5003
5332 6909
6407 6591
2111 4818
5285 7185
3541 7736
6781 7495
581 7627
673 7077
5310 6842
1755 3100
666 7268
433 6467
2102 6472
4750 7352
2130 6680
3502 4570
843 3184
565 3049
167 4164
1268 4566
2547 5728
5040 5439
1488 3418
6071 7427
4198 6535
31 1673
4852 7530
2275 4242
1943 7639
4770 5386
116 7450
3709 3740
1414 3081
2773 5002
6494 7297
5463 7591
755 4484
3225 6306
2836 5449
1059 3079
2872 4568
2385 6878
3115 3818
3364 4324
1083 1093
1246 1617
4079 5385
793 3084
2982 8088
5453 7563
165 8013
49 3679
2223 3075
2392 3474
3048 3599
1102 5713
1206 5580
3351 4402
1693 7468
2568 3698
2119 7655
2357 7986
739 5491
1665 2450
4167 6118
148 615
1350 2348
1256 2226
199 2020
2315 6968
1394 6804
3019 3716
2019 5489
449 1123
2067 4898
1080 5575
815 3911
2615 2780
1113 4957
1859 3597
959 2970
3686 7139
759 2110
1858 7783
1215 6988
4477 8044
1011 6689
1626 7564
3053 7955
5312 6682
906 6639
1582 4511
1983 6437
3868 4817
3 3513
51 5836
1019 5858
1579 4378
391 3666
3242 6668
4711 6736
3681 3878
4057 4681
5016 8081
1728 2577
2511 4749
2403 6256
5052 7415
1646 3694
1863 7428
3078 6696
2779 7045
1545 4559
3129 4670
5080 6238
1630 4073
469 5089
4018 6473
3023 6843
1405 3592
1844 2654
4830 6746
3122 5710
803 4323
3192 3382
5055 5676
1321 4247
6575 7269
2072 5490
2091 5294
1278 4151
3785 5709
470 1689
273 6123
586 7301
336 7716
7460 7510
466 2540
1121 8184
4836 6480
317 4930
2523 2621
517 6792
536 7873
5106 7313
5431 6086
1564 3204
2930 5373
2356 5421
1062 3786
6069 7137
2576 4142
737 7981
5166 7706
2138 3582
1406 6024
1497 8099
1240 6548
387 2892
5415 6032
2425 7418
2513 3188
338 917
2000 7706
301 581
1450 8047
961 6927
2094 5665
2633 7722
53 7653
3722 4255
1852 7436
1298 2436
4734 7438
2386 3434
2682 6986
1755 6282
3610 4736
1509 7746
3094 3209
4603 7149
2858 7136
4174 5340
1908 5144
3982 7551
1637 6577
5536 6720
3286 6307
896 5023
527 8195
5185 7393
5215 8180
2932 8151
1986 5959
22 3483
357 7085
4664 7500
5091 5853
2099 7569
243 786
1510 5075
2743 4090
1353 3587
2266 4024
1026 5181
2546 7886
2134 3480
397 6346
1970 4844
3608 5130
5375 5966
24 1605
1209 4760
4156 4743
6315 7405
4698 6683
1532 7725
408 4804
2976 5874
3781 5845
207 6994
3684 7024
486 3812
4634 7988
2077 6520
3046 7318
139 8043
4701 6887
3901 7170
3650 6592
4143 6467
1935 6899
576 4313
4942 6296
2226 7743
4064 8030
886 7552
2218 7015
3777 5862
583 611
3958 7006
2559 3210
1356 2834
7554 7949
402 3607
5720 7754
4738 6090
3804 7641
2123 5935
1616 2911
2255 7385
2460 7350
3527 5349
3842 7390
3929 5960
1727 5448
1033 7078
312 6567
1541 7810
1843 4415
725 3883
4132 4419
6549 6887
2095 7118
1036 3389
2999 6559
4034 7278
2798 6575
860 6657
6109 7572
1991 3778
3225 3343
1972 6375
2208 4040
4520 7003
3123 3270
338 6510
5746 6044
4730 4843
610 5384
1924 2506
674 4745
3489 6381
5482 6230
874 2551
3456 3688
4446 5021
3579 7934
71 768
5319 7225
1023 7197
2423 6374
318 6539
6169 6570
6972 7645
262 5650
2565 2987
623 2982
2784 7437
2883 3526
3112 5135
1809 7588
2021 5532
1911 3588
5874 6115
5152 6906
5446 7759
396 5410
3798 4382
1337 2068
3411 4720
4144 6510
4551 5178
4100 7364
6017 7311
314 2815
161 753
3151 5729
2474 3153
1392 4497
552 2462
2972 5146
3924 5882
3262 7212
2173 6528
2321 7001
897 5734
442 4299
6904 7547
3060 6567
703 7283
2862 6550
3401 6925
4889 7230
6334 7126
5323 8107
6379 7252
3233 4327
2143 7635
1241 6298
4464 5131
2747 6070
4368 8001
2822 6989
802 1718
5910 6680
6538 7543
2692 6529
5557 7347
2168 7548
1801 5424
5280 5889
1266 4414
1819 6527
4754 7330
92 2989
3734 3897
5024 6275
715 3664
3211 4345
2645 7147
1682 6299
1928 3116
6835 7037
71 2272
1189 7675
3436 6034
4318 7424
6565 7991
2401 5737
237 6126
5172 7632
6009 7898
5665 5672
3084 5981
6019 8039
4150 5892
6697 6868
1346 5245
1130 3057
3268 4859
4512 4523
6320 7451
18 6846
2009 4343
3224 3645
2765 7017
2886 7979
1386 4724
6482 8196
2477 7314
1196 6149
222 4691
3043 4488
6243 8029
913 6638
7231 7278
2783 6264
530 3780
1484 7689
3695 5065
2979 3187
2523 2616
2856 5979
5023 5101
1631 4239
672 7296
1050 1075
707 1720
5866 6764
5601 7841
677 4598
5517 7029
3153 6154
658 3069
1342 8058
5361 6897
2984 6385
724 4899
2694 3352
133 523
300 5558
3988 7637
990 7113
423 6354
1012 4304
796 4644
1031 1273
4306 6973
547 8142
2635 7988
2146 2560
473 6547
2926 5653
4866 4967
2826 4270
4696 6723
362 5597
1088 4246
1220 3896
6795 7779
7865 8081
3828 4962
3821 4622
1675 8073
2554 8086
777 1722
4404 5830
2993 3261
644 6186
1992 3611
4159 6181
2629 6195
6987 7139
7010 7739
455 4894
940 5416
2923 3493
3711 5676
4706 7804
3077 3285
1002 2563
2686 4077
435 3216
751 1445
2334 5402
887 3266
4244 7957
3140 7274
229 5871
925 1670
6456 6871
3401 3987
1475 7995
21 4740
2150 6954
1501 7431
34 5002
4941 5565
3128 5479
579 7141
2161 3874
2070 5533
712 5587
5932 7340
3360 5859
302 7573
2494 6943
4043 6431
4622 7470
3933 5917
4222 8026
1886 6438
66 3184
4089 6872
3944 7500
4423 6113
2848 6543
2650 3708
3234 7250
2155 5768
3435 4669
1393 3077
4405 6157
3767 3999
5602 6125
4171 5576
2317 3913
3809 4287
222 3048
2724 3316
96 1066
3376 6413
1248 6737
546 2808
1998 4355
661 5214
3818 5062
3324 6555
463 4046
3589 5943
730 7607
191 4330
2938 7963
1611 5371
1842 7181
2114 7218
2642 6977
1122 1495
4314 6818
2577 4947
266 4845
5586 7568
621 4473
2393 3940
2623 3138
987 1513
4900 7660
4282 6060
2750 4693
2519 7361
1200 4904
6792 6909
4248 6223
3508 6162
5333 6541
33 2364
1971 4282
3734 4995
3324 3396
3430 3501
4586 5730
1632 7760
1475 7871
4036 4837
7465 7741
1883 4729
1785 3253
5037 7568
3817 4418
541 7779
147 1524
1226 7690
2535 6522
706 6173
7404 7703
4159 7425
755 6432
4495 7559
3613 4451
4070 7886
2157 2813
2657 3346
195 7469
1358 6370
5355 7896
2451 5644
227 4987
430 5801
1817 3085
3810 6690
630 8150
1141 7703
1189 6387
4205 6210
276 2954
2917 3771
4291 6876
7051 7912
3273 6917
3926 8179
251 2997
4933 5571
305 6554
3985 4016
7223 7280
6756 7769
1314 3874
2459 2770
3287 5340
2197 4201
114 649
555 1698
1281 5989
5086 7048
3028 8055
1283 5862
6886 7023
2421 2867
5247 6956
2914 3172
962 6399
633 7634
237 4187
873 3276
2244 4550
945 4020
6553 7473
5804 6300
3497 4033
1649 2316
215 5775
4286 8089
1942 5801
7545 7974
3521 7228
5394 5701
2238 5091
851 3730
5206 5589
1109 7220
3625 6174
3500 7969
3755 7446
1945 3899
1925 6470
107 1280
2915 4946
2971 5211
7307 7333
1297 7897
868 7068
2574 5060
522 7107
4442 7210
3644 5609
5010 6713
5 4239
1470 3004
1479 7190
1379 2640
5664 5971
4441 6102
2027 4611
562 2115
4673 5651
4904 7392
326 4317
2344 4609
3556 7382
3853 4331
1209 7893
3062 3736
599 5470
2849 3240
806 2486
4260 7029
608 4633
974 5332
424 2772
3970 4390
4789 5791
2745 7838
1272 5427
3009 7879
1487 7608
5759 7181
4972 6988
1932 7366
3130 7567
2059 6408
2505 5311
2955 6335
1486 4750
1588 4491
1070 2655
1060 3522
5481 7289
2229 3364
589 4225
3063 5978
4104 5702
4505 4541
6340 7640
1038 3963
2817 6050
3641 7506
3504 7334
1818 3509
4121 4449
5646 8137
3471 6818
2008 6586
1319 5367
2594 5458
5537 6993
1306 7453
5526 7462
2683 3855
2337 2977
4226 4238
7795 8170
4835 4874
505 6004
4977 6776
208 6512
4791 5492
3251 5079
797 7643
3542 8147
2569 2887
5424 7873
1753 6422
3402 5074
3029 7850
3162 3529
2141 6367
4712 8151
3635 4589
2948 5408
3497 7434
4503 6128
1041 1674
3514 3911
1039 3887
3682 7238
3441 3960
2820 4566
4377 5529
116 386
6168 6317
5464 7820
1000 7941
2363 6140
2741 6531
390 490
1764 6205
2202 4958
5585 7271
2578 7709
6268 6774
1454 6350
2552 6749
5582 6525
3438 6998
1034 7172
6492 7475
6693 8093
2354 3513
1638 1870
537 8173
1562 1958
1246 3903
2885 4500
1584 1873
1535 2573
2647 4896
3593 6365
3834 7124
1375 4006
3916 4098
876 6796
629 6044
5218 7719
462 3035
5127 7817
1236 3952
687 5123
2065 2288
3098 3906
1931 6159
1026 6583
1146 7949
2026 6422
495 4174
1550 4209
4094 5958
416 5834
1726 3995
6890 7001
1492 2790
3383 6232
2427 3246
1468 6142
3326 4108
3064 4902
4537 5644
1881 7943
1762 4040
2419 7272
1444 5667
1731 6186
3712 7627
788 1054
3338 4077
5301 7828
1671 3812
3443 8108
2193 3366
2320 3014
2379 7147
814 6078
538 4760
349 4502
2205 3572
152 4776
3174 6803
44 5898
5577 6426
481 6561
4716 5047
2743 3156
2976 6499
2162 5258
2883 7061
4824 8101
447 6778
27 2709
2836 6469
1229 6814
233 6861
2903 8053
5785 7833
2324 5616
2036 6143
6269 7693
167 3948
3422 6858
7103 7193
1405 7932
2901 7607
3037 5355
446 2410
713 4316
5525 7386
1712 5629
2263 3033
5039 7829
4968 7780
1941 5815
5280 6691
2210 3949
1724 6912
2648 3113
1659 4182
456 4718
2893 5776
5767 5830
3217 4930
994 2838
1443 5010
3384 4031
3262 7227
3367 3904
1252 3952
2973 4659
1248 1521
315 1029
1346 7611
798 2944
2294 7542
2628 2717
5097 7890
1142 1664
2316 3431
6018 7812
168 6207
7306 7634
2222 4795
190 3865
7235 8144
1728 2176
5320 6877
3412 6697
727 1801
650 4357
3777 4228
184 5700
2066 7090
1254 1700
213 5696
4277 4684
426 7596
6751 7125
816 5198
3111 3504
6576 8120
5524 7619
6203 6692
3359 7557
4639 4964
1003 2825
5347 7474
3476 5926
7288 7774
373 8065
3658 4185
4653 7388
1594 2838
5566 6414
2600 4877
1435 4059
791 5927
1422 7406
758 5317
790 1309
4435 8198
1302 1581
1035 3352
352 2299
526 3922
1017 1170
3291 4946
5478 5634
877 6741
1800 2741
3884 5742
200 7894
6024 6636
201 2519
2182 4011
3571 4328
3727 5672
1178 4853
3304 6085
6620 7895
4245 5112
3340 5027
1193 7044
4066 7858
70 6213
2007 6952
966 4884
826 898
5488 6914
2129 3140
2618 6000
2833 7649
6345 6458
1205 5727
1151 5279
2754 3107
1901 3366
5522 7879
1045 6816
1437 3040
4702 7108
3446 5249
657 1369
648 7054
1137 2829
909 8002
4814 6674
732 5409
6223 6733
1830 7050
1408 1913
6252 7041
4676 6970
1235 7317
3452 7332
1296 6229
3333 6732
2124 3013
519 2189
1374 6366
6197 8062
3662 3910
2643 7609
704 3630
3167 6113
2082 6624
1236 6878
7371 7571
3774 6079
2360 2751
5015 8184
2376 7380
632 5936
2603 5930
2250 3708
5493 6066
6006 8168
914 5274
2469 2919
1412 5659
2835 3683
829 6396
2034 5184
141 2715
1685 1775
2232 5095
3088 8141
1579 5528
4565 6061
472 3044
863 4405
6030 8009
3187 4556
6195 7417
3562 6813
2057 4612
2405 8117
1184 5201
415 2090
4560 4940
6232 6416
5143 5845
879 7403
1311 3589
5968 6004
2598 2781
1261 2062
6432 7479
1514 1743
255 6625
530 7789
1127 6707
2855 3904
2980 5889
754 1807
1098 3283
1467 4145
678 3746
3920 6807
4413 5240
999 6690
806 1719
2751 4451
3439 5780
3939 7465
6923 8076
298 6068
775 6566
49 1980
628 678
7114 7923
6014 8019
1064 4943
6823 7220
201 1056
3099 4924
288 6644
4127 7255
4969 7836
1744 6966
5985 7863
3356 5761
805 3129
885 1361
3429 4556
2979 6288
1212 3560
6132 6395
431 461
4231 7863
936 3002
5219 6992
812 7211
522 1858
5646 6161
3847 4694
310 1780
1997 7629
306 4769
1629 2064
1575 7696
2786 6623
3323 4864
7295 8041
2366 3008
2037 7401
1908 5869
4707 5781
1893 6660
5164 7230
1659 2461
3680 6516
5235 5966
4051 7831
1769 4880
1647 3117
4563 6029
1764 3127
3289 7849
4601 6525
3583 7590
2542 3472
7464 7509
3770 6449
5323 6259
3899 5623
4694 8135
3490 7711
3195 7208
6188 7189
1935 6923
4085 4547
182 7161
1455 5331
2369 7058
4573 6369
3782 4564
3227 7725
1730 3539
464 7148
1651 6374
417 7601
1326 1963
1853 6208
4123 4352
5146 7702
3994 6926
1598 3133
2146 3042
3534 7960
34 2387
1593 7090
2315 5561
1075 7866
2895 6101
472 3847
3219 5145
2671 4261
1257 2999
676 2557
3597 7091
496 2782
1271 5118
284 3110
6868 7073
4477 7749
1503 7333
965 2943
954 3639
983 5045
6134 7388
910 7486
1396 7712
1151 6562
53 429
2958 6183
2515 5070
4234 5885
2074 4060
1695 5691
884 8129
5358 6103
2355 7793
3991 4599
163 4765
2925 4715
2399 8162
3706 7389
2650 2975
4034 5681
3562 4576
2779 7096
3584 4240
4464 7229
579 7267
5104 6610
192 6405
3039 6118
4177 6975
1499 8046
2593 4522
1520 5861
2561 6033
3438 5819
1100 7724
971 6119
1915 5438
1732 3792
1963 2434
6314 7036
4429 7741
4893 6284
5407 5867
955 7131
986 7159
3168 3811
238 1840
5142 7089
1186 7236
925 1864
382 3136
3552 3675
3574 4826
7073 7456
7729 8118
5451 8091
101 832
1661 3001
2024 3975
8 2392
4470 6701
60 6088
1617 5480
5229 7565
2195 3555
2749 3885
2572 3048
1745 7086
996 1596
1155 4037
2190 4726
2947 6785
1813 5428
4201 6521
23 291
7268 8158
4208 6596
2331 7056
561 6590
5636 6844
2251 3825
3717 6808
4402 8001
356 1912
1789 5153
1071 4727
309 7504
5711 8020
4605 6011
1273 2761
982 6738
4710 7341
105 6863
8063 8099
816 1506
2080 4416
675 4785
4985 5501
3797 7408
46 4398
4021 4384
3342 6397
1961 5084
1249 7370
4246 6178
4685 6594
3099 7062
613 5392
606 828
5389 6181
504 5722
1850 3479
4926 5365
4688 7211
78 6104
785 3303
1368 6274
1539 7151
802 1697
5500 6726
4087 7872
956 6357
1479 5461
127 169
5393 6442
2292 2293
930 2670
549 2918
1914 5124
2676 6745
2475 5887
1750 2871
239 667
3425 6810
3473 7676
4730 5109
2481 3905
2428 6048
2451 7858
2545 7679
922 1691
1653 5081
3846 6030
3510 4906
4146 4438
2066 5126
1420 3758
3010 6592
1267 3632
5464 6699
360 3820
1999 3114
6628 6838
1888 4892
5209 5213
926 8050
7144 7160
4539 5743
3327 5520
946 4735
5070 5096
354 801
4007 4832
1630 6554
2622 3126
1835 5527
1227 1285
5167 6133
1951 4127
1542 4484
736 1911
8 812
949 7514
454 7830
6117 6144
4256 7911
2659 4706
1602 7345
1303 5532
3321 7909
2053 7586
4000 5036
1 1529
2181 4926
485 4047
7172 7319
532 952
1535 2063
4923 5492
1334 1349
1601 2759
3534 5884
3537 5495
6202 6666
3898 4334
457 3710
4819 8106
2455 4148
230 859
3796 6964
4559 6053
505 5020
938 2970
3376 6631
2489 6268
5564 8176
2032 4197
3017 8016
4260 4767
2956 4654
323 3300
1239 5297
5099 6117
160 1089
5534 8101
1089 3537
3254 3598
1560 5360
1277 5175
1128 2073
6389 6435
180 3506
1929 6433
1828 5579
2328 5765
4922 6055
1946 7047
3511 3530
5953 7604
4793 5797
869 7710
2056 4496
2300 5151
1696 3530
2711 8064
3727 7505
4632 8057
742 8092
3564 4753
391 6091
6002 6207
5210 6273
1749 5510
892 5753
2961 7316
464 3649
3531 4257
5944 7686
3106 8042
5000 6163
3141 7782
824 2718
4290 5370
3267 7765
3838 5606
1025 1404
6542 7013
135 2454
111 4284
2512 4349
3889 5043
2397 3294
401 2357
2901 4703
6139 7626
4461 5951
320 3715
2802 2839
5663 6766
1253 5914
1067 4212
3535 8048
1426 5620
2855 7954
4068 7223
780 1323
5655 8122
6820 7805
115 1129
4917 6127
4961 5598
1339 5390
375 5414
509 7596
414 5648
949 3050
1076 3724
2088 3577
3573 3928
7170 7271
162 3747
745 1780
5110 6730
5283 7612
679 1716
2259 7121
156 2135
3295 3704
5551 7908
2309 4801
1578 2261
1398 4028
1575 5270
6023 8178
2520 4235
206 3741
2887 4036
4030 7219
1022 2418
6087 7326
5574 6138
3955 4249
920 2173
296 6691
4796 6478
374 4970
3367 3691
3773 6921
989 5254
2342 3450
1761 2915
986 5063
2585 4004
1956 6093
1517 7362
3313 7460
1543 3176
4294 5871
2873 5356
1692 5327
6371 7253
1053 1348
2618 4241
3337 7816
4114 6124
620 5555
2406 7391
924 1104
3775 4779
854 6226
2748 3672
2461 7897
1802 8000
419 5589
2004 5560
2088 5962
6837 7842
109 7763
882 6360
3114 3332
562 6745
1267 7700
3927 6083
3313 6629
1438 5643
2009 7086
2462 8121
5012 6702
3596 4107
3397 5964
1881 4896
328 1250
265 3696
501 6748
5625 6944
4693 8004
3373 4031
2859 4167
3355 5758
2132 7399
2319 5219
2889 4075
2412 6831
1290 6669
5052 7641
1274 4711
2690 5500
3551 7436
3379 7500
4983 7005
3169 7876
5083 7467
1192 7501
3211 3616
2630 7400
5194 8152
5770 6751
181 641
861 2304
1359 2692
6079 7372
360 7082
963 5775
5565 7983
295 6635
614 2470
1285 2616
3371 7429
1111 6165
4424 7188
980 2878
1422 5708
1832 3729
7517 7651
813 1393
1778 7839
3205 7745
1973 2342
2851 6007
4692 7961
6277 7915
3719 5756
7490 7499
3165 5856
1878 4929
2180 6358
2178 5013
939 4994
911 4378
4567 7475
166 6498
3759 6060
4128 4243
6584 8082
1325 3590
2271 2850
1948 2977
7214 7648
926 1404
2567 7145
4232 7323
2116 5915
4890 8078
1975 7452
1605 6795
58 3337
5508 7002
7202 7593
3542 6546
2 2235
2025 4172
2303 2636
325 7790
1729 3019
3094 7582
388 2824
370 1261
595 8060
3750 3863
3915 5698
12 2241
2123 2295
611 5957
5165 7457
1374 5395
2000 4575
3275 5385
2820 4729
223 5777
1860 1916
4543 7069
5700 6922
96 7046
5120 5498
5483 7526
1944 4515
7020 7697
5027 6930
819 6363
3319 5760
663 1123
6096 6663
6476 6768
5541 5842
1922 6671
2129 7579
948 3608
6098 6461
100 2122
6479 7626
1699 3606
1366 5353
1545 7251
6786 8083
3109 7194
1183 6718
1500 5192
637 5554
7104 7482
2608 6224
4468 6387
1623 6102
1437 3386
5380 7416
1428 4225
779 7980
146 6322
842 2120
2640 6196
3829 8046
773 5293
132 3882
769 3837
65 4129
2023 7125
2208 2237
528 2666
3196 8071
6429 6939
1849 2953
5568 6521
936 7680
467 7611
6144 7806
1636 5226
1090 7826
5004 6109
3673 5246
1534 2793
1043 4952
6022 8201
3865 7668
2117 2313
7 4833
7100 7590
5275 7411
2040 3402
1176 3656
5217 6761
2541 6462
3949 7673
963 2772
2991 4993
2863 4775
585 2111
2762 4169
2967 6981
3776 6990
1767 8197
5613 6865
399 3977
4532 7148
5677 6428
1095 5902
4178 5647
3687 7152
1822 8028
3319 6314
570 7916
6762 8094
1656 2192
2325 6938
222 1662
5778 7186
67 7360
3974 4800
4769 5806
5376 8092
6288 7453
2282 5347
4773 6383
3716 5691
6731 7180
972 5868
2556 3588
1085 3763
3674 6639
603 2149
1512 7288
954 5642
3858 6647
2580 5612
1005 7224
443 3179
4163 4850
4879 7602
2934 5327
2378 3664
4202 7772
6673 6951
3233 5898
3265 5989
3735 6908
5626 7444
495 4351
1669 6083
4992 6650
2279 5123
2295 5570
5950 6053
1639 4286
2831 3457
4714 4909
6688 7312
4592 7809
6995 7508
467 1779
7299 7674
3086 8049
1687 4815
543 3752
4645 6233
2026 6274
1305 5834
1934 6414
3285 5354
2945 4147
5125 5538
1717 7860
3870 7237
1773 6225
6441 7481
2610 5843
5510 7274
678 7454
6049 6682
580 4618
2766 6664
1752 2231
16 3331
405 3278
2186 3458
1633 3607
2574 5202
13 7760
2011 7973
533 7856
4759 7464
1900 7781
59 4420
567 3650
4103 5302
2244 2955
4700 6032
2637 7447
3380 3693
893 6835
2506 5633
2845 5412
2960 6367
5289 7683
128 5182
2594 4310
2524 7996
512 6052
1032 2006
3699 6176
2467 5077
4704 6802
1895 5811
1511 6789
3011 5400
1457 1459
1700 6776
6588 8189
5875 6961
2278 2805
746 4617
1975 2203
1494 4387
5312 6676
1347 3118
1140 6785
1549 7877
3444 4096
840 2530
7216 7608
2605 3251
4076 4139
1121 2835
1537 3121
1996 5901
2083 3432
355 6304
2699 5457
2413 4703
1885 2374
5044 8194
3017 7184
2900 3831
93 5699
1818 7183
3919 6605
6840 7097
2966 5187
2580 6459
3042 4354
1518 7363
741 1095
5437 5461
1290 1729
371 1112
4636 5970
1411 4782
95 4758
4443 6588
971 3085
2728 3721
1447 2518
3767 5217
2986 6244
2631 3824
2125 5754
5119 5460
1008 1295
3082 6772
1686 6970
5310 6210
1101 4520
1174 7910
3242 4250
2415 6047
1817 5829
1206 5252
506 1092
151 4134
2281 8157
2964 6213
2198 6038
2426 6041
1328 5250
3762 7317
1477 8066
3306 7652
2032 4162
5085 7587
1619 6927
1027 8011
3883 4425
5089 6517
5232 5620
2606 7171
4227 6862
3255 7751
1593 6571
1101 5855
1410 3857
817 8002
2422 2633
1822 4506
3152 5135
1237 5988
3840 5268
1001 7612
2333 3695
4051 7310
2817 4921
3754 4626
2804 7947
789 7026
3533 6760
4561 7343
2702 4519
3913 6599
2781 3800
272 2668
1782 5679
4661 7120
4757 6190
501 1776
4355 6139
7217 7624
5159 6135
2298 3984
302 726
37 815
3626 6659
2191 4640
5518 7894
6093 6411
595 2442
732 6817
4029 4792
1816 7466
1117 6931
7797 7864
3732 5588
428 4516
3516 5487
2330 6216
1300 3986
5602 8180
764 1958
5387 5911
5161 5985
3637 6967
3958 4851
7057 7106
166 2045
4689 7078
1046 7950
4217 5729
5984 7005
835 7763
1713 6650
3717 7104
295 521
1436 5583
1195 4233
389 4491
603 1044
6380 6971
3104 5683
1449 8002
5711 7442
4230 7749
3934 4033
2218 5489
3022 5490
3430 5207
3221 3532
5224 8130
4342 7480
3296 7784
604 6335
3302 5098
5406 7337
204 995
2995 5232
4008 7167
3297 3657
1473 5351
3252 6489
692 5636
6285 6923
2097 3661
2767 3620
2407 2749
893 3493
3493 8020
280 5685
3447 5064
3039 3945
1317 6169
2775 6379
5006 7912
3692 6612
24 6891
880 2136
4645 6540
2232 5152
3788 5928
5798 6242
622 4886
4154 6798
468 5728
15 3038
3445 7957
2981 6011
7841 8040
2968 6978
5191 6444
4681 6189
969 7985
393 4563
35 7819
2445 4641
6457 7324
194 607
292 7656
3560 7974
1799 4699
2004 6964
5227 5426
2851 7042
29 6808
4973 5379
3277 4775
685 3394
88 514
1020 7128
5472 5906
4790 5606
5769 6793
973 7397
1222 1706
281 7530
3601 5255
422 2520
4338 5295
4157 7806
3782 7864
1265 1425
4918 5763
421 1413
3714 7485
2119 5739
2483 7279
2286 7262
1331 6149
2114 2833
2797 7510
690 2048
344 2696
2220 7008
6272 7840
4424 7891
4757 6104
1229 6042
753 1708
128 1419
5686 7158
208 6888
1526 7624
1131 7573
2417 2687
2993 4511
345 7293
1894 3946
6755 7226
6373 7497
4984 6226
2296 2864
2986 7445
2531 3440
4328 4784
866 5694
433 5364
1192 2262
5887 6402
113 5740
2989 5305
6469 8100
4094 5009
1347 5997
4422 7630
9 3007
4517 5233
1951 3776
5287 7940
143 2319
819 5425
5825 7583
2700 3217
2543 6151
1017 3609
814 5337
6637 7958
3253 7066
752 5782
3564 3617
4454 6654
2095 6201
557 6989
5003 5444
856 992
1191 1860
3119 3724
269 2085
3482 4460
23 3288
882 1159
2739 4869
7440 7452
575 7234
2928 4348
5314 8131
558 747
1025 8171
2030 4347
7515 8063
1051 1771
3900 6609
881 7017
902 1561
677 6636
2085 6352
4352 5004
2723 3858
2112 2351
1320 4176
2010 2447
3659 7761
4968 8022
1401 7088
3361 6463
6437 6495
1666 2742
304 3455
5653 7352
1834 5103
3018 5805
1219 7249
2877 6617
8033 8058
4050 4913
1071 1927
836 8090
3333 6239
1371 3743
864 2137
348 1609
1888 2750
5809 6872
2361 3136
1202 1207
4381 5544
1004 3699
6633 8174
7063 7721
4652 5396
4241 5207
4116 8160
4180 5264
475 8111
1567 7747
3202 8024
2239 7967
3898 3912
2663 6262
2654 7843
5605 6452
3183 4715
2672 7551
386 7694
810 4971
1982 5588
2761 3761
1455 2253
2160 3682
6365 8041
1390 6303
1727 7426
456 3619
1672 3821
379 1115
255 1641
5734 7564
2919 6617
1519 3741
313 2753
159 6582
937 6368
2441 6750
905 5840
376 1142
1231 7970
1798 7011
178 4254
1070 3488
870 5491
2832 4053
1156 1195
3881 6677
1100 7084
2280 8083
6519 6646
2907 4538
6765 6901
2858 4492
2470 6945
507 6443
2390 3875
4292 6199
408 1588
5803 8140
4915 5870
3224 6572
3314 5225
199 2533
1865 7265
872 2209
4211 5190
2048 2558
3292 4577
4755 5000
3380 7177
170 5445
4454 8062
499 686
3530 5133
2517 4248
1078 7425
5299 5336
3763 5880
1217 3558
4195 5482
1907 6784
6681 7498
4460 5026
2588 7937
1554 1622
1933 3794
81 635
475 4027
6695 7659
2301 3083
2378 3359
3257 7081
479 2832
436 5351
5933 6129
457 4294
902 4444
5053 7201
2374 5661
984 4317
2626 2900
3790 6687
6764 8105
1173 5890
3577 4964
7282 8052
2693 8146
173 7586
4689 5239
1703 5980
6713 6729
5459 6015
2164 2282
1772 6317
1102 3139
5447 6251
2221 6258
1216 4684
472 7811
44 1693
3202 4920
297 4409
2291 3152
583 7916
5401 6333
2230 6571
3410 7926
1827 3412
425 1487
4093 6088
5163 6185
36 4865
2798 3339
1910 7433
2308 3827
1868 8018
2092 4200
5907 6940
5467 6922
3551 4652
2215 3414
2234 7911
1304 5395
2868 5109
4849 8051
1919 2787
4063 7790
93 2436
6297 7224
3350 8098
2596 4180
335 7569
2492 8139
1488 7746
503 6882
4233 8072
3999 7389
6364 6731
6928 7892
6967 7194
2399 6799
1878 5321
1548 5637
2600 4155
805 2902
1176 2736
3355 3743
30 3396
4293 6864
451 5699
1991 6410
6031 6883
2913 4403
2135 4211
1892 7487
3365 5938
2100 4813
3474 7344
2992 3459
6240 7764
7240 8031
3435 4369
700 5314
5028 6424
1481 5841
5488 6031
2684 3968
790 6605
763 2446
2664 3861
6315 7064
2585 6787
929 8087
5259 5538
4813 7693
421 434
6293 6386
3214 5345
2904 7215
716 3280
7835 7909
3283 3310
650 5974
4751 5673
2159 7123
1838 4803
4020 6424
2942 5344
3498 7925
1478 4145
4400 7794
157 8051
4570 6316
953 5487
4596 7328
3428 3886
2854 7060
2491 7082
4463 7080
2609 5200
5736 6136
5550 6843
587 5969
3525 5623
809 7938
808 7945
994 2261
4117 5296
3595 5194
666 4417
1160 2513
2254 2981
1363 2941
1658 2879
3697 7847
706 4169
951 5060
1981 3357
4196 6720
341 7492
232 2003
2638 8172
1149 2937
1059 5843
4358 4502
6116 6382
3159 4390
2726 7859
731 1133
2127 8025
5133 6769
47 733
5789 7222
1793 6645
3477 7185
1096 6478
4346 4573
5356 7379
1225 4601
3336 5368
2069 5820
4002 5520
2792 6875
2884 7378
1030 5685
3160 6944
3258 5912
4181 6543
331 494
5022 7697
4026 5481
6431 8199
3563 4794
3973 6883
5490 6325
1737 4168
4748 7567
4831 7053
354 7365
1531 6168
1221 1279
5249 7481
918 5452
2738 5362
234 601
2438 5997
232 4980
5561 5764
774 1589
2809 7935
842 6133
4399 4521
266 6724
3670 6155
2459 4619
2662 5598
1227 6718
134 176
5973 6935
637 5236
4334 7350
6916 7057
5131 6347
701 3543
1549 4506
1413 7655
3603 7734
2525 6968
778 4208
1508 3374
5370 8088
980 6752
2783 6381
904 3104
710 3522
143 4428
478 2165
248 8200
7262 8067
4935 7476
2336 2888
3791 7232
1812 4981
4795 6889
1116 1678
593 4039
503 1249
1532 3409
26 6279
2409 2778
2862 4791
1618 6150
5119 6651
1653 1685
5377 5427
293 2560
3879 6176
3093 5294
1106 4856
133 922
889 2564
747 3003
5033 7875
6996 7018
2994 6654
3884 6234
270 2107
142 1877
2562 3873
1642 5377
1406 8114
1663 1781
6955 8133
296 7893
392 4229
1944 3103
2387 5990
1979 2512
3545 7245
12 2790
1073 4109
720 8030
1974 4876
261 6608
4802 6061
285 2613
1132 1688
7562 7948
3439 4280
5984 6561
3462 7930
1079 7685
1465 1953
4338 5901
1362 2383
822 4535
1293 3135
4109 4643
3548 4424
3343 8069
921 5556
5972 7662
4013 7410
2195 4917
589 691
5220 7625
6097 6241
1529 2012
3279 4394
3391 3931
259 3362
3769 4612
489 1547
3030 3768
5499 7102
279 2255
979 5557
6477 7994
6059 6421
797 7237
634 5033
7054 7216
54 2871
274 7735
1558 5829
4799 5548
2963 4950
2049 5689
1527 7861
3107 5441
193 4144
4592 6058
6641 7735
5122 6821
2151 2490
4587 7101
2305 7830
3445 5523
2258 4928
1574 2995
2169 6449
2778 5080
3240 4955
3463 5389
1520 5289
1679 3929
3072 6559
3168 5687
7976 7999
1084 5176
5625 7845
230 308
50 4251
275 4029
2250 6531
723 1164
1002 6391
2454 2969
5177 7142
1055 6057
4544 7019
1627 8177
3110 7594
3025 6441
6754 7907
5031 6203
4546 5420
46 2795
6343 7048
4901 6425
2518 3275
2475 7204
2902 4621
4350 5831
4107 4499
2089 4091
174 4476
4881 6484
3115 3425
1625 7691
3193 5129
2249 2945
2494 4532
4630 8149
639 1099
2103 7483
1582 2788
899 2885
3962 7263
4205 4332
3231 3413
4437 7671
3073 5548
369 5235
1120 1862
5282 7527
1974 7173
4850 6509
258 1717
1569 6657
5485 8161
2230 5348
4550 4900
3448 6773
2533 7416
2176 2391
705 1827
4935 7067
2543 7088
1754 5225
7346 7664
1867 4388
4687 5964
4283 6202
2987 7012
7044 7661
1861 2234
146 7913
3400 7592
4228 7527
355 4354
2022 4302
1959 6385
4291 7369
1074 5772
718 3827
35 667
4191 6067
1219 5158
518 7656
799 7449
3395 3559
1885 2070
1787 7467
3070 4963
847 2104
1862 3614
2957 7902
17 7287
3068 4655
719 6993
5132 5850
463 5087
3986 5959
7202 7823
320 412
2217 6726
2756 5436
187 1949
510 2624
1164 5018
1313 6694
6 8000
6164 7814
349 1037
5127 6914
444 6684
2231 6985
556 5008
1170 1874
4312 7487
5341 6894
5458 7256
1523 7385
726 7056
3398 4919
3549 6287
4537 5357
3090 5405
862 3060
3801 7501
1461 6503
2441 4669
3840 4022
2715 5372
3473 3538
4184 6290
2394 7773
2949 3919
3611 7866
1135 4656
736 2294
1129 4744
318 3603
106 1255
2782 7594
947 1890
4750 7548
339 4965
513 1533
1311 7716
6010 6614
4286 6558
1090 5656
2285 7443
3908 6222
8015 8128
3970 6354
74 6935
6793 8072
1459 3656
4646 8149
1136 4872
3111 6530
1966 7276
423 462
1577 6485
3150 5419
5148 7380
3602 8168
52 6393
3902 4048
510 6308
1496 4319
1841 5382
119 3744
5476 8187
1580 2270
2480 7942
599 1899
282 2473
3932 6548
2039 3961
3071 6241
1989 4226
744 4253
1543 4134
3213 3740
2439 7362
3013 4820
2060 7007
523 2499
629 4590
2093 3702
3864 7255
1708 3804
1276 7368
1859 5228
297 4844
94 2271
1490 5078
4224 6447
1771 7753
1474 8006
2187 2323
3124 5456
1337 3014
914 5632
3330 5784
480 1300
1179 6357
6372 8016
966 6920
1739 6724
1702 7087
3507 4535
5741 7075
3873 4207
3124 7387
2662 5034
4578 7507
5578 7390
1828 5420
3210 5719
3331 6348
2813 7822
7562 8032
4547 6180
2398 5654
3404 7515
5204 6950
7692 8080
3312 7032
1395 1940
3449 7720
6642 8181
6675 7644
3203 5813
1503 4723
5134 5155
3325 5592
7298 8174
1502 5547
2701 3933
515 3415
3755 5311
1148 7303
5627 7154
793 1786
5263 6360
3988 5756
5005 6332
262 6903
3347 3426
3100 6194
1492 7813
294 7180
3424 6949
2289 4104
316 2593
1417 4119
630 735
1162 5486
2303 7321
1905 3317
597 7889
4161 4522
1836 6482
2061 5400
1276 5844
4054 4820
3871 5469
3527 6098
1665 1746
4595 7351
979 5767
4489 6679
2216 4439
2116 5231
4347 8167
1978 2500
2373 5281
5307 7471
60 8077
228 1463
750 2267
2730 6759
2701 7300
2791 5800
1451 4203
674 4568
405 5245
2229 7025
1937 5891
3005 4805
2104 3081
4333 6602
5587 5755
2830 6217
1943 7432
400 3980
785 2302
2054 6804
1331 4410
3725 4818
2239 6820
57 7622
1608 7900
1007 7780
5962 8107
2280 5934
3568 4933
946 6969
57 7488
4216 4391
976 5046
1018 6436
2323 4417
1632 6086
7850 7967
2038 2277
6487 7856
1037 7421
598 7365
3278 6604
2072 2975
2802 7384
4401 6670
1275 7140
4886 8100
342 4898
2079 3928
3851 4072
757 1848
5309 5921
129 7295
7150 7774
2730 7146
3505 7730
2782 5726
3631 6743
3726 8140
1000 1882
5142 7217
2235 3969
6799 7808
250 2121
5138 5860
859 3410
3020 3683
2217 5688
863 1289
6931 7484
1184 7598
658 5996
1512 4190
1539 4873
254 3196
492 1448
1005 5527
916 4462
2733 7242
2437 5626
3479 7990
2065 8161
2222 5931
1615 5822
3665 7793
4044 5041
174 4654
3582 7445
2453 3123
2709 7728
3759 6074
1391 7629
294 7191
681 3463
4157 4263
2123 3784
1329 7597
3317 4276
3665 7922
3447 7329
2341 3939
1525 5014
1936 6192
5439 5738
3491 3796
5192 6286
3149 6227
115 6375
2131 8079
7153 7887
1497 4251
3078 8079
5443 6554
3409 5505
4062 4392
3998 6256
3769 7160
752 5582
3190 4071
2626 7283
322 6163
2206 4481
158 3272
652 1481
1097 2200
4668 5954
1854 5374
5705 5715
1856 2075
5858 7421
205 498
1470 6707
5434 5693
6388 7401
3937 4441
1799 2841
1014 5335
403 655
845 5223
5372 6177
327 7577
5583 7836
2105 7420
2537 7603
789 5401
4797 7549
478 6910
771 5186
210 4557
3341 3561
476 5832
216 6748
606 6290
19 4678
4121 6565
3496 4311
1483 6436
2578 3996
90 2530
1216 7945
911 2785
460 7868
215 5743
2183 2278
6069 7353
118 5929
318 6663
4069 5505
1016 3766
5057 7484
1676 8110
5662 6224
2787 5640
872 2834
6330 7161
6954 8105
1067 7144
2545 3105
6766 8095
3882 7119
3545 3932
6666 6871
4897 6810
1853 5766
4257 4840
2592 3878
6348 7946
1214 6394
40 4912
3264 4674
1169 5365
5596 7246
1919 2197
303 6744
2204 7787
6399 7771
6005 7349
1668 6160
4182 7447
900 1302
3175 6822
1660 6569
5814 7420
1683 4206
347 2233
1914 5160
1781 8177
2380 4431
5187 8199
444 1266
4168 5606
2370 4421
6594 6659
1084 2432
1613 6099
1661 7989
1400 8159
5357 7307
3502 7470
3215 4086
1006 6867
2213 4585
5019 7024
3978 5476
1058 6041
2167 5303
3693 5864
551 2333
1091 1569
1454 5827
5844 8138
2437 3653
3550 6901
3415 4113
4068 7022
488 8123
4057 4434
979 7540
3655 5315
4371 7956
1988 6761
439 5823
2894 4619
1270 5919
1382 7266
1939 7456
2774 6081
2896 5761
4037 6649
5579 7037
2549 5459
3622 6681
3657 6778
1386 2969
1073 1891
3133 7792
5961 6261
281 7901
2882 4042
1756 6089
6096 6497
101 7116
1388 3349
808 1773
5902 6171
3203 6734
3328 4119
3390 4319
634 3793
333 7632
6905 7105
3020 7855
3067 3930
3811 4426
1177 1675
5591 7455
28 2665
1731 6064
1984 4360
5017 6683
6578 7189
3632 7128
112 4368
878 1372
5931 8027
126 960
414 5113
2220 6553
2121 8148
2670 7929
1354 4977
20 5522
1757 5267
3309 3998
55 2077
941 7717
1352 6904
1297 2203
3575 5408
2091 6037
65 5920
79 5827
2101 4148
3861 8044
4152 5608
692 4467
1199 7745
500 5238
4137 4164
1208 7092
569 3920
2184 3950
5 4265
4929 7423
3016 4501
487 3349
3753 4264
2727 8185
735 5998
2967 3407
1348 5836
2576 7367
4635 5906
1738 2599
5256 5542
4966 6283
609 5215
4236 5720
1409 4486
1570 7842
4161 5957
4382 8066
2782 7694
1752 3028
1612 7335
6339 7173
364 3308
165 307
157 7889
3652 8094
3579 6825
2810 6767
5397 6349
4697 6919
6415 7402
5506 6338
17 1918
4362 4643
1979 7770
1583 2876
1464 4475
2988 2990
6960 6963
1247 7152
1970 7558
6076 7871
4445 5478
5788 6891
1945 2570
4315 6839
1960 3357
3267 7051
307 4306
504 2747
1011 3773
3431 7683
1758 5447
5848 6255
5337 7962
41 3651
7046 7619
5622 5990
1319 3428
217 7980
4447 7254
3185 3484
4344 5149
2199 5198
1811 6408
5701 5854
2252 2429
1218 2735
2509 8012
3625 7827
3259 6585
1507 3675
1341 4059
2113 5669
688 6905
3969 4401
1197 1735
1968 4466
5797 6780
216 4947
6753 7122
857 1560
997 6398
2474 5382
