97 100
29 43
53 92
21 59
46 91
59 72
29 32
4 73
4 5
10 38
5 48
14 74
31 82
65 80
15 29
67 71
3 88
61 96
44 71
17 88
7 68
57 85
13 62
56 94
20 47
29 77
1 42
4 95
59 75
20 74
62 85
25 83
12 46
30 40
40 79
46 85
18 39
31 45
79 89
38 52
9 22
29 68
63 73
9 47
49 62
63 97
85 95
19 38
27 91
8 57
27 76
4 20
49 79
31 32
2 91
56 78
21 58
6 33
71 95
39 81
25 92
57 61
20 90
5 54
26 35
55 95
42 70
46 71
64 97
56 76
51 86
88 94
10 16
25 29
33 67
13 86
57 64
49 66
11 90
42 88
9 72
38 69
18 46
90 93
24 59
42 69
41 88
40 71
23 70
9 60
4 29
46 80
24 84
36 58
11 34
9 35
37 97
29 87
18 28
1 20
38 50
