3830 2079
420 423
3503 3620
704 2273
1896 3818
433 1854
782 1475
138 1837
1036 1376
83 3051
366 1272
840 1579
2687 2906
525 3504
875 1934
933 1281
130 1969
435 3683
962 2036
3025 3813
1568 1597
191 2883
355 405
146 3572
960 3757
2955 3126
975 2698
2141 2949
344 1326
1026 3147
793 3339
1673 2309
1267 2485
373 2576
3493 3725
1820 2982
1470 2730
507 3175
2770 3687
2218 2942
1056 2061
849 2196
23 2555
1670 2775
330 2446
1691 3190
1880 2722
2807 3022
703 2404
591 3767
2264 2489
2890 3663
1669 3351
1582 2548
337 1865
2059 3292
1618 3560
1191 2122
448 1321
1309 2584
1365 3608
764 1788
1554 1563
1522 2610
500 2889
2704 3660
855 2511
1555 1763
2051 2639
1479 3812
583 1676
973 1316
1462 2094
3562 3753
281 2168
3079 3373
2329 3403
1829 1919
2073 3616
483 2244
1954 3193
1662 1666
1011 1460
2287 2681
51 3607
1760 3077
2988 3420
2560 2921
1149 2245
1576 1738
448 3204
555 2555
1503 2972
108 2690
319 2854
1714 3060
193 3321
3020 3153
148 2413
374 1346
3139 3586
2305 2533
2263 2605
1740 3794
1691 1901
1522 3135
111 1069
1339 3285
2367 2757
122 1663
3128 3657
2213 2531
868 3031
274 3649
595 2317
2251 3102
991 1131
607 3204
959 2128
2019 3057
1527 3044
795 3094
1522 2707
56 3646
1199 2906
465 3610
889 2185
1459 3291
827 911
2091 3654
1552 3519
461 868
32 344
609 3052
1441 1643
244 3055
1002 1296
1995 2130
1626 3171
428 3674
654 1255
1835 3543
793 2600
2728 3680
2290 3625
997 2243
3710 3749
2350 3563
1209 2617
1430 2806
1032 3516
523 1050
913 1932
1402 2621
1579 3492
353 879
649 2775
382 1797
1158 2602
2450 3631
737 3427
1166 3688
2574 2938
725 3001
965 1062
996 1353
3106 3495
301 3577
678 748
3286 3356
626 3255
1369 3110
3419 3705
233 2551
2149 2238
739 2355
1196 1851
895 3446
431 3626
1805 3362
1665 1936
692 1230
517 2602
140 2591
417 939
145 2690
1393 2810
1835 3014
2886 3311
703 780
2053 2920
1613 3282
559 3411
1791 2122
166 2011
83 286
1579 3045
1386 2073
1681 3517
253 258
323 3599
708 2113
477 3304
3335 3555
504 1427
2983 3530
297 1389
1148 2081
202 3566
490 2648
914 1904
1521 3658
423 1707
22 646
1239 2924
559 2508
1347 3829
569 647
1875 2925
1 694
574 2549
2856 3713
698 733
2011 2220
886 1442
2392 2407
1856 3780
1351 3213
520 2657
320 3318
1561 3109
2394 3785
2450 3165
10 1003
1117 2123
2085 3789
1232 2920
1362 2012
1141 1910
2579 3545
1272 2953
326 3771
2753 3500
2598 3145
65 1131
2455 3154
898 1581
2173 2910
2189 3700
994 3446
1379 2618
1465 2944
2652 2733
95 338
259 1763
257 2867
873 3210
893 3626
270 3161
895 2102
498 3798
189 2363
1049 2839
3492 3792
223 889
404 1640
1524 1613
722 3278
630 986
1633 2195
2215 3729
174 518
2593 2957
551 2524
640 3026
849 1002
882 2757
224 1381
708 2018
495 754
21 2063
2077 2403
1279 2853
2895 3320
3363 3411
609 2034
2852 3026
223 2588
869 1819
1935 3766
2545 3431
989 2299
1631 3078
850 883
189 3382
705 3332
2587 2672
2178 3664
2825 3201
439 2852
2717 2746
2840 3085
1037 2222
1074 2801
2907 3029
169 223
2200 2999
2053 3245
2147 2868
1970 3431
1078 3555
1172 1307
1610 3696
1619 3412
1995 2821
999 3821
626 1909
984 3306
1024 1835
367 2344
303 354
1420 2313
1131 1330
444 982
3015 3240
1935 3058
651 2359
1128 2764
39 3393
759 2259
567 2601
2474 3476
1643 3444
2267 2354
750 1044
1628 3809
145 697
1602 1894
77 2531
1887 2259
781 914
2795 3085
688 1644
236 2255
587 711
2747 2819
559 3666
680 2477
3009 3828
3185 3830
2464 3723
253 2479
1995 3448
3395 3756
625 2379
2574 3567
1155 2452
2322 2584
516 938
2718 3031
432 1108
2240 3174
1703 2199
43 1933
2974 3534
2088 3018
2865 3086
2061 3798
1578 2511
119 2210
3345 3433
288 2313
1208 1951
964 2911
248 3286
545 1579
2546 3449
1331 1349
31 1775
5 2006
2009 2207
3553 3554
1903 2530
1388 2202
1541 2125
239 3003
948 2190
646 1436
1592 2761
2104 2808
1065 1992
30 2357
110 2096
1762 2190
2363 2402
2293 2506
247 1925
1468 1504
494 2543
974 1088
1225 3754
428 1831
2695 3302
584 1414
983 3007
159 2277
1166 3257
839 2301
1709 1764
472 513
704 1293
1216 3546
2243 3721
1074 1954
339 3711
618 3738
2408 3208
2440 3454
1301 1868
1603 2490
466 1539
197 2508
1623 3696
501 3086
1101 1680
993 2592
1956 3709
671 3615
840 2824
1836 1955
1647 2506
247 2338
1567 2060
187 1307
1017 2623
2486 3459
1298 1656
387 2922
1738 2610
1511 2501
3022 3280
2397 2508
3269 3681
2834 3824
423 2713
815 2777
487 2682
2255 2393
806 3811
2269 3827
2978 3777
1706 2285
2112 3419
927 2938
465 2415
206 1839
2199 2575
1164 2052
307 1995
467 597
210 3766
3048 3516
1301 2205
245 604
493 727
941 2257
2718 3447
407 2415
2625 2632
349 2130
97 117
984 2943
1455 2734
432 1141
242 3087
353 2334
51 1567
351 1506
1309 3499
571 1444
626 2199
528 3466
79 606
1325 3541
673 2684
1878 2453
545 1355
336 2542
1394 2478
2697 3654
2575 2868
525 609
917 1261
3444 3802
1542 1668
2732 3480
2327 3299
2087 2201
429 3309
370 2603
1171 1899
1177 1959
538 1104
1226 3750
1977 3282
849 892
2033 3126
456 1742
1268 1732
950 1549
45 1922
286 663
2522 3040
244 1532
621 1461
1203 1205
1111 2461
1294 3258
2238 3679
2383 2630
444 3280
860 2083
3262 3813
616 2772
1338 1732
856 1502
514 2599
539 2345
463 2834
1307 1498
1757 3778
572 1394
2042 3487
910 2134
313 446
2035 2085
1739 3624
48 1409
3194 3763
2572 3347
979 1264
1184 3331
1360 3188
48 1811
3333 3629
1348 1923
1516 2285
1523 1790
456 3374
318 2607
722 1293
1736 2882
646 3258
1673 3202
1460 3651
728 2745
1817 2966
1354 3167
661 3725
2642 3609
790 2180
120 1704
3292 3534
1048 1955
3335 3379
25 1663
2203 3698
1655 3612
2227 3739
892 2822
1640 3816
3037 3067
117 1426
36 906
800 1535
2345 3809
894 1710
1725 2353
690 3066
282 3296
321 1913
630 2861
926 3204
176 2441
400 2561
1370 3419
3191 3311
2295 3006
1517 2975
435 1947
999 1012
2086 2510
313 1087
1628 3658
567 1695
1068 3535
2993 3316
667 2632
2156 2257
3324 3483
918 1270
565 1913
127 834
64 2549
2962 2999
2844 3586
1656 2246
3416 3691
3131 3200
1231 2632
1663 2914
1168 2743
1 1162
1290 1438
496 3743
3015 3304
499 1111
1765 3699
641 2472
2829 3107
2745 3531
2844 3787
663 3173
1140 1735
1759 1841
377 3561
1467 2995
1584 3332
672 2145
94 309
2188 2527
780 2075
244 3644
348 2443
467 3412
1105 3357
419 3619
1711 2201
208 2420
2647 3350
2736 3693
3677 3711
1437 3755
672 2679
3145 3690
593 3035
1829 1987
70 3432
422 1560
1776 3348
300 3528
577 2154
757 2943
1269 1288
592 2721
571 2256
3413 3427
2570 3087
797 2695
376 3656
365 886
1663 1855
2706 2962
1524 2694
2895 3776
2767 3800
1164 1349
2470 3677
2008 2979
1789 2953
1086 2453
1460 3782
1112 2798
532 906
1723 2893
1315 2931
2123 2973
1828 2037
603 660
2571 3546
805 2549
296 2491
2822 3237
1487 1679
666 3366
3275 3344
481 2436
568 1128
2106 3401
675 1667
775 3570
2115 2745
667 2193
2166 2881
2036 2688
158 2173
99 2152
1506 2419
215 1397
1712 2394
535 3157
300 1835
432 1660
724 1868
920 1932
1462 1788
3119 3656
489 3023
1452 1858
658 1897
260 820
2384 2436
767 1388
1466 3010
892 2085
1417 3342
832 1996
2717 3188
118 3055
935 3209
3403 3807
1457 1693
730 2091
815 1927
3561 3641
83 2040
1530 3389
3678 3743
1500 3386
152 3322
406 3128
539 608
2302 3093
1147 3124
830 1650
3539 3828
860 1516
620 3621
2370 3594
885 3187
2475 2749
1367 1865
2764 3223
733 3103
441 3073
813 2987
3245 3542
121 2134
2331 3685
1121 2987
556 1623
1086 3648
1583 1734
1249 3164
425 2604
1236 3401
954 1396
323 2041
1294 1945
847 1834
2730 3587
2723 3445
433 3187
1196 1964
1326 2702
240 2035
1226 3640
2648 3110
895 1278
12 571
3382 3629
74 2649
153 2425
367 462
811 1450
2638 3023
896 1890
1444 1483
1602 3584
1534 3647
2793 3674
2715 2913
1838 3701
644 973
2498 2575
76 1581
1071 2254
1691 2551
2773 3006
310 2367
2669 3100
1400 1498
1593 2903
2336 3793
2185 2694
1053 1502
1416 1515
242 3160
769 2352
360 2343
845 3178
688 2685
1269 2522
1165 1564
2671 2912
2372 3604
294 364
376 2411
2811 3003
1074 2966
2661 3584
513 3077
804 2232
1903 3106
508 3745
311 3546
1135 3468
1213 1972
875 1737
123 2583
1472 1694
705 3191
63 1321
2118 2355
837 1491
2968 3791
1895 2325
591 1901
818 2981
1935 3706
2254 3758
340 1702
933 2766
1587 3540
1708 1844
661 751
1767 2716
718 3677
1619 2074
2960 3267
578 2615
927 2289
678 1402
1535 3560
490 2010
358 3691
999 2964
835 1085
1069 1949
724 1449
1429 3514
3 2075
743 3484
244 1775
1953 2898
2807 3569
3225 3801
1897 2823
1569 2288
1448 3413
2103 2820
94 1475
168 540
2853 3423
2692 3404
1881 1932
1175 2511
188 2038
164 2782
485 795
1022 2612
1668 2326
2963 3114
22 3127
651 3478
1311 3000
1296 1657
317 362
1634 3020
297 2833
1842 3570
712 2350
1445 2110
115 798
1704 2581
330 1812
607 1623
847 3313
318 1355
127 3639
340 3178
1761 2471
250 664
1839 2434
624 3812
2451 2734
1924 3567
920 1983
846 3021
948 2017
524 3421
2165 3060
803 2271
1028 3477
2790 2840
3140 3678
1652 2049
725 740
1053 1178
2710 3468
681 1690
580 1064
3097 3749
1082 1705
428 1437
958 3022
2578 3280
2265 2689
111 513
1487 3607
817 3027
1962 2563
1071 1660
1539 3223
966 1584
1386 1671
585 2648
1420 2487
185 2271
1209 1894
2375 3153
3071 3147
1405 2407
2925 3823
2038 3520
2924 2974
885 2953
220 2096
581 900
1339 2550
1541 3005
1873 3699
984 1822
1107 2190
515 2187
248 903
2295 3193
254 1276
649 730
1270 3330
1279 2264
280 587
1904 2741
199 3684
1763 2551
1453 2805
441 1007
158 431
550 3533
1291 1754
768 2024
3029 3488
116 3740
141 1394
562 3390
939 3587
495 1543
2223 3526
1815 3122
1437 2845
46 3627
188 3694
463 2724
189 2938
397 2054
265 3585
711 716
866 2238
557 2065
982 1601
2708 2910
52 2706
1355 3290
793 1399
3457 3533
1550 3715
1576 1754
2742 3030
1313 2433
1710 3826
118 3496
279 1860
339 1765
1559 1653
3140 3326
1576 1911
1061 2085
250 2699
267 1440
3387 3811
1294 3683
1020 1380
1240 3784
540 1424
524 3014
1873 3513
260 1661
738 969
113 502
1751 3696
905 1788
2042 3087
381 999
1334 3301
564 2763
1201 3187
1349 1514
1977 2243
580 856
1066 2483
135 2477
1574 2298
140 3197
323 3117
851 3214
1607 3480
31 3519
687 1144
569 2370
1007 3649
392 1863
1159 2040
1160 1731
536 1057
2931 3301
1319 3563
213 2289
1318 1613
1310 3019
134 2071
703 1848
339 1197
377 3580
1990 2563
893 3047
396 3745
756 1120
193 2924
1306 2858
1231 3049
112 616
1435 2747
708 2692
335 2801
2377 3248
293 1484
194 3073
495 2596
420 1769
2557 3047
1440 2931
686 1656
96 3431
2333 3700
1065 3613
809 834
2785 3423
2337 2457
2351 3573
1374 3063
3520 3747
2125 2523
602 2613
1787 3564
2958 3039
1517 2859
121 2445
2889 3329
1225 2681
937 1384
132 2445
461 1178
1286 3437
168 3358
2087 3416
2727 2787
1465 3623
1226 1665
1676 1829
783 2107
55 1063
2699 2930
1382 2775
1442 3239
655 1406
488 3720
257 3326
1348 2952
1239 1517
478 1932
227 279
199 3587
1686 2101
1398 1666
324 3605
951 1821
130 3454
2666 2704
1150 2927
2637 2715
465 2924
1999 2702
1023 3286
1410 2022
903 3093
308 956
2459 3623
837 1849
478 1158
2336 3671
842 3209
2199 3104
438 788
186 1213
1105 2113
2031 3624
1402 2835
298 3460
389 3188
1157 1484
3031 3041
1258 1722
1289 1948
816 1728
1089 3530
2417 3446
601 1602
517 3750
390 3124
2105 3656
1602 2988
254 1202
229 1359
426 1490
464 623
450 1907
2124 3647
739 1745
676 1985
39 201
390 2537
1367 2878
26 1575
1179 3575
1294 1802
553 2951
265 1011
140 1524
881 886
1736 1918
382 1858
150 288
1432 2905
2180 3362
2611 3822
781 3558
2553 3104
3506 3540
540 3236
1916 2946
854 2764
1780 3401
254 3069
805 2073
1691 2751
72 966
17 312
327 3541
254 2340
1627 2064
548 763
432 574
357 3779
332 1745
419 3813
872 2574
2554 3599
1834 2348
241 2576
2030 2429
693 3075
2195 2375
59 1898
89 2004
1211 2282
901 1689
1677 2729
491 3344
504 1623
2592 2757
62 2104
2488 3792
270 3039
86 3054
1855 2222
235 2993
1598 3509
2135 3442
1100 2038
2887 3314
1161 3691
1236 2333
494 3804
373 1360
272 2588
1289 2857
2253 3286
676 3752
2690 3062
550 2291
564 2470
47 963
3184 3665
869 1000
1554 3104
972 2674
11 3426
83 2695
2438 3717
2229 3729
410 2972
217 2766
907 963
361 3353
121 1784
170 1973
1544 2021
1968 3794
970 2636
764 2279
997 3440
2315 2628
124 1481
136 1957
2850 3540
2359 3634
1744 2601
2429 3779
3358 3514
432 2213
2753 3819
109 214
1252 1404
2253 3732
554 2612
1559 3425
1892 3790
247 1027
2037 2453
947 3449
1610 3439
643 2015
739 2181
25 813
3297 3763
1624 1736
2125 3318
3450 3499
2674 2928
1754 2312
1499 3001
1468 1597
2662 3549
2358 2566
2084 3264
2649 3542
2906 3582
139 1243
1986 2348
1842 2183
890 1200
661 2238
795 1317
559 3268
1196 1922
3205 3661
912 3454
2653 3387
2015 2979
2345 2890
905 1196
2548 3274
1878 2268
2525 3521
714 1901
1462 1719
1609 3645
1953 2682
2843 2910
98 2577
1438 3822
1115 2083
2826 3077
512 1906
3472 3556
460 1923
183 2771
1809 2946
3066 3283
2969 3357
71 2302
2938 3424
231 3767
1133 1688
1675 3018
533 2151
355 3114
867 2656
753 3256
2410 3228
614 1578
1611 3027
894 3446
1061 3706
1274 2506
2558 3750
421 2209
630 1139
1288 2590
1228 3388
2942 3581
3055 3597
446 1354
1601 2284
574 2767
1161 2441
1045 1473
862 3627
3087 3567
1419 2660
225 832
436 2109
1945 3010
877 3421
627 1079
922 1209
38 3642
1133 2462
94 1628
1463 2911
11 538
1684 2118
567 1873
2650 3012
350 2364
2566 3537
92 2738
1364 3015
1177 1763
157 1810
48 1949
2267 3171
871 1917
485 641
2516 3281
871 3029
1233 2459
2090 2663
1216 2628
2033 2400
890 1318
2603 3637
1953 1966
446 2733
1765 3557
1127 1717
468 2546
1010 2418
2406 3815
153 510
1166 3348
651 660
824 3800
917 2870
535 1408
1009 2942
2502 3536
373 2987
2980 3757
3293 3698
2202 3549
3692 3795
3064 3794
869 2119
906 2218
365 1846
990 1368
1228 2128
539 2923
1949 3278
2185 2532
2020 2275
1423 3186
600 1234
82 2136
1704 3098
1006 2324
829 2194
768 2971
2679 3414
1796 1837
1818 2276
1786 3745
295 2056
1221 2756
1680 3100
3752 3806
360 1295
1584 3675
470 3267
1301 2554
905 1648
1908 2272
775 2410
3218 3782
352 2660
1294 2275
1742 2580
1393 2343
61 253
2276 3336
2936 3725
651 1104
2030 2625
1955 3427
1118 2618
1899 2533
487 1967
3253 3348
2137 3449
2823 3157
615 1937
3029 3685
1776 2761
515 1130
553 3402
732 2829
2650 3761
1406 1828
1275 3759
1828 3779
1114 1696
2956 2967
1252 2283
604 2065
1409 3608
2156 2475
641 1556
398 2872
310 3438
1189 1999
2617 3347
1914 3547
1180 1678
1350 2040
1015 2272
579 664
579 1653
1708 3549
1346 1379
2754 2775
43 118
1782 2548
2340 3095
31 3516
297 670
2068 2976
2128 3654
207 1200
514 2835
1280 3822
1447 1889
518 1630
2036 3272
184 985
1158 2641
2715 3440
3022 3507
2398 2937
62 2789
864 2437
1157 3250
1576 2623
1028 2504
3306 3324
884 1919
1000 2869
268 1374
1491 2908
321 3830
1658 3192
1041 2096
66 446
576 2299
1048 1542
588 3560
2130 3558
1639 3160
2780 3244
1137 1248
318 620
376 2649
2588 2961
472 1895
1059 2470
2474 2772
172 3061
1531 3350
1075 1529
1367 2986
504 1869
1730 2020
1957 3800
655 1971
2986 3575
1633 3175
344 1457
508 1346
1763 2870
2842 3544
480 3190
266 3627
1980 2183
2476 2637
2886 3639
651 3706
63 1522
1630 2312
1408 3781
838 3046
445 2537
858 3255
2884 3244
1086 2904
386 1182
437 3215
2992 3201
1010 1897
3272 3555
3309 3659
355 1276
271 423
2337 2952
1941 2811
659 1230
181 352
2138 3457
1598 2226
818 1465
1016 2029
2308 3111
1286 2268
1484 2282
1670 3500
955 1605
1455 2263
822 3114
445 1363
424 2315
1189 3579
382 809
423 748
31 2929
529 2932
2517 2799
1392 3726
2279 3706
1125 2506
381 754
457 3030
2019 2718
2712 3732
690 3019
400 3729
382 2140
47 1557
726 2673
2909 3805
105 1360
1272 3438
351 2600
1270 1905
884 1581
2341 3724
3021 3497
2795 3323
629 2998
625 3800
2429 3826
2102 2625
1634 3589
2265 3018
3254 3483
835 2920
444 2334
2254 3294
576 3148
806 3001
116 3307
1167 2945
1049 1071
1160 2621
1161 1479
1392 2746
399 559
1995 2164
81 105
1746 3245
1613 2593
952 3308
922 3296
776 1044
2345 2774
2149 2316
2225 2343
854 3776
2062 2949
1142 1396
2205 3474
662 1282
1277 1373
2319 3145
2155 2870
221 1371
1792 3752
2626 2719
1470 2151
42 1115
1394 1995
217 3001
1352 1926
2622 2979
195 3818
348 534
2038 3234
1554 2224
1056 2889
3033 3171
1228 3115
1288 3235
56 1702
1374 2357
1277 2366
655 3007
215 1847
294 727
1318 1717
1775 2892
3020 3380
911 1063
1552 2885
724 1293
396 1502
106 1096
466 1299
1030 1399
2765 3401
317 1292
1213 1245
192 2995
131 3711
556 890
2012 2031
486 1849
402 3485
2559 2699
1224 1674
205 776
292 802
158 1206
754 2245
996 1035
1646 2808
511 1182
2250 2642
68 2046
872 3485
2492 3183
241 2054
179 2703
1242 3110
495 2988
677 681
888 2462
639 3403
37 66
643 2231
1121 2704
268 681
320 913
1212 1221
1324 1745
43 2081
750 1908
847 3081
447 3678
1637 3444
1133 1473
1238 3410
1692 2155
266 3278
2632 2910
1186 1406
2479 3821
2 392
2201 3493
305 409
705 1358
872 1856
74 1915
609 1059
2115 3528
1134 3248
1285 3538
1615 3698
2291 3130
3138 3211
2288 3305
1351 1827
2381 2484
3072 3112
555 1448
644 3082
1868 3397
568 2878
206 3515
286 2888
460 948
1509 3647
681 1821
798 3310
1274 3274
1185 2172
103 2599
624 3032
556 3344
314 3782
777 2297
1088 3261
67 826
2983 3339
3455 3719
555 3720
2797 3781
689 1404
1628 3185
1128 3170
1805 3010
76 3722
911 2743
457 2113
585 613
241 2923
1673 3012
603 2609
1100 2751
317 1404
1318 2540
647 2468
482 3170
2438 3108
1080 3078
174 434
282 879
649 3605
188 1730
605 1647
605 1168
1865 2481
474 2249
407 653
889 1400
318 2780
614 1701
1532 2700
781 3491
944 1437
1309 3276
2495 3362
1861 3258
2430 3165
590 2432
2132 3110
3044 3768
323 399
2548 2904
757 2621
1051 1069
967 3092
2771 3208
251 2142
1168 2768
3332 3503
623 1434
243 974
1735 3084
524 1216
1481 3800
1192 1821
860 872
1307 2957
1040 2139
719 3258
1046 2803
3463 3512
143 2104
1519 3122
1132 1865
1607 2840
3336 3795
1250 2040
2186 2561
3167 3256
755 3293
1232 1354
1037 1565
2840 3364
803 3719
1174 3366
269 2863
785 1986
1782 3420
271 470
544 2628
905 2926
2315 3629
1608 1826
787 1296
41 2848
1003 3191
1523 3144
912 2151
1573 3719
1802 3023
256 1255
2052 3770
2984 3460
1636 1865
1079 3565
596 3164
92 3817
39 687
1351 2073
322 2975
10 1786
1527 2668
396 438
1983 2240
834 1685
1520 2521
226 3786
165 1699
2576 3140
3017 3063
941 1665
1252 2769
309 2174
264 2029
345 555
78 3607
2397 3323
3436 3454
1235 1781
2099 2159
3086 3792
1686 2383
634 2651
580 837
346 2254
1952 2367
67 1703
697 1282
468 1476
1502 2313
2132 3793
1196 3359
1268 1501
197 1545
1340 2062
780 2469
226 3066
1736 2079
2495 3563
1179 1475
1194 2990
2130 3500
1936 3108
1879 2329
894 1005
1139 3655
307 2791
420 1443
2060 3482
2566 2985
1408 1833
2016 3166
303 2563
1325 3576
32 2130
693 2705
1044 2703
2205 3747
2088 3054
428 1679
1699 1959
1547 2438
1071 1887
822 1036
1967 2765
787 3418
106 612
1794 3605
533 2076
926 3094
377 1438
2829 2969
43 1699
848 1205
1437 3244
1961 2966
2023 3797
68 1123
465 3546
172 3659
65 2805
1451 1738
1211 3141
429 2320
1297 1568
34 3271
250 3592
979 3419
1828 2230
3013 3252
901 2033
2165 3458
907 2713
1074 3091
3518 3792
2084 2943
814 824
309 3406
2160 2963
1887 3077
989 3414
1022 1567
2219 2422
1534 1704
823 1068
1648 3086
242 3181
2210 2348
1648 3461
3220 3448
499 3770
3198 3341
157 3051
58 1258
443 3367
1142 2524
223 2945
837 3788
1794 3661
3083 3427
3642 3717
1465 2812
2715 3537
706 2237
140 1876
562 2327
1863 3163
1274 1430
1641 3214
2198 3331
614 1976
1741 3680
1440 2069
496 1356
635 1951
1028 2166
1699 2749
2164 3659
2449 2798
861 2642
339 1188
746 2689
1255 3124
2203 2692
144 1194
581 2026
1627 2483
1783 2174
1109 1403
537 1281
1465 2373
2503 3315
2693 3313
1545 1555
696 1549
636 1786
1163 3167
138 2036
1130 1805
1995 2161
1310 2696
688 3778
566 3591
1374 2265
97 2498
3597 3762
187 346
2106 2741
497 719
1811 2505
1305 1571
949 3471
262 2250
1539 1593
2427 3306
2701 3678
597 1639
751 2231
2119 3134
1867 3715
806 3603
1148 1669
2243 2481
913 1806
248 1814
1658 3341
489 2422
706 2528
1055 3465
1200 2232
100 2843
2412 3287
29 1469
1135 2446
1786 2999
520 1371
1693 2227
756 3549
48 2093
1359 3155
489 554
2492 2727
2997 3529
187 1862
989 2531
1759 3408
218 1272
142 919
435 3211
748 1137
872 1052
2290 2481
407 1318
1101 1571
88 3479
1818 3025
1149 2003
2486 2619
3115 3183
1843 2131
688 1635
242 760
2554 3583
39 1855
2010 3650
1000 3593
