2831 2831
99 644
2653 2708
1061 2680
62 357
725 2294
428 2549
114 2642
441 859
1978 2669
1192 1603
1951 2018
343 1428
921 1133
495 1989
1178 2675
731 1773
76 1527
1478 2758
519 2799
1222 1741
359 2751
1189 2068
316 1244
1170 1934
2123 2144
409 1839
1240 2034
1969 2047
596 1337
1419 1913
1631 2459
470 1680
1070 2084
871 2489
943 2400
1397 2274
185 2816
840 1396
831 901
207 808
857 1930
1129 1447
2076 2290
538 1498
85 1083
1627 1850
2205 2340
1958 2804
53 401
632 1037
1946 2114
1143 2187
437 1367
1696 2345
1892 1974
1153 1373
1586 1667
1436 2628
1076 2429
862 1653
21 2795
1225 2491
126 2651
1271 1641
459 580
1216 1831
725 2426
751 1238
408 1573
824 1778
1424 2334
358 406
1709 2342
1015 1945
1212 1599
2277 2307
732 1505
285 1464
2306 2481
232 1073
603 2317
1850 2364
383 540
97 1830
1294 1510
913 1797
1050 1297
2635 2805
211 1923
1640 2610
1009 2482
191 2494
919 2613
29 1768
524 2489
1533 2063
1914 1951
1107 1277
1473 1881
660 2452
888 2733
613 2588
1374 1551
2319 2488
1809 2105
650 2801
351 982
24 553
1293 1393
259 424
2094 2296
225 1566
742 2798
891 2674
1140 2168
878 2139
191 2345
810 1620
768 1194
697 1337
103 2613
460 1454
223 2276
1264 2118
1589 1723
2093 2367
224 1380
829 2257
911 1385
1526 1649
1345 2666
450 534
363 2366
1914 2082
2044 2428
1027 1807
1690 2158
1099 2469
659 2486
443 966
746 1467
3 459
267 1324
879 2703
769 1547
1158 1338
593 2616
1818 2267
1296 1843
211 1925
244 1527
1693 1911
376 2469
163 1053
772 895
1002 1111
880 2343
2165 2690
539 954
1931 2772
379 733
442 2137
11 1432
141 1796
1362 1409
249 950
5 1849
240 2171
125 1239
610 2709
29 1898
2691 2766
590 1232
1 2640
617 661
45 1141
1476 2762
2625 2824
1301 2534
1885 2275
1043 1840
2609 2642
1601 2141
802 2033
974 1793
1173 2325
25 2261
384 1351
555 2651
1929 2326
1330 1873
367 1445
863 1092
600 1716
1796 2618
1636 1656
1787 2098
559 1375
1509 2720
1454 2130
238 2634
1911 2727
446 2685
856 1231
661 2451
1880 2491
196 2387
1453 2229
95 594
1666 2127
2331 2701
391 1300
659 765
616 2286
318 1324
875 2797
35 1719
663 1114
15 2021
1253 1628
215 532
1725 1905
195 1033
1434 2763
443 2718
1028 1907
1044 2396
2333 2363
1766 2604
530 2422
593 1966
367 1103
1652 1967
215 507
1471 1871
1866 2291
2473 2579
1557 2531
371 1520
1532 2035
2148 2393
1011 1672
1012 2673
1622 2342
64 721
74 1745
100 1811
1801 2527
1455 2241
2324 2357
209 1215
641 1816
200 2295
883 1800
927 2567
715 2759
2268 2531
1955 2042
1364 2254
355 2423
696 1444
213 1904
1130 2131
1504 1790
220 2822
233 2197
268 1876
1691 1719
1101 2027
2339 2437
582 756
322 2636
781 2015
790 1013
1623 1836
570 1536
683 1261
2500 2720
329 711
607 918
1756 1869
237 1819
1082 1928
1246 2621
2576 2703
975 1795
1992 2363
1417 1657
110 1255
641 1791
931 1004
1554 2757
1530 1567
1252 1484
410 1054
1559 2113
1167 1332
19 1404
1525 1729
680 986
792 1452
749 1460
1747 2231
1415 2029
1028 1711
1526 1546
353 821
1470 2555
1115 2074
1005 1499
176 2053
1792 2308
273 677
374 386
1235 1662
944 1556
180 2746
2286 2652
2687 2696
1731 2356
1747 2332
1880 2043
460 1943
1980 2774
1141 1919
1117 1682
166 2617
1279 2711
9 2741
1561 1639
1210 2648
1717 2338
1160 2436
303 1333
2515 2632
1968 2470
597 1171
1853 2414
539 2492
337 1479
1140 1269
1154 2320
807 2128
1186 2271
1652 2406
1625 1643
893 2623
720 2586
824 2351
667 1256
40 601
1887 2255
1538 2191
348 1600
512 1292
116 2788
487 594
1418 2517
712 1095
1841 1980
320 2170
521 2670
218 551
1266 1287
981 1034
639 1823
467 1821
39 1336
806 2724
2002 2371
1471 2277
1577 1578
366 767
966 1333
2276 2614
291 803
302 1232
2068 2730
1555 1838
69 331
197 1504
1867 2371
708 1758
108 2120
1320 2745
100 653
2015 2073
2322 2685
888 1515
1693 1901
2057 2271
1078 2381
678 1340
1403 2415
2157 2190
2424 2803
933 1397
468 1096
1510 1636
151 1402
411 2788
1104 1115
123 1265
1323 1413
279 2060
296 2119
1475 2493
2575 2707
1597 2545
1687 1905
1070 1723
896 2219
1580 2594
936 1221
1185 1998
583 2679
467 2657
698 891
368 2787
1004 2397
187 1089
971 2679
143 2526
1171 2178
654 1960
414 2061
203 939
2439 2827
257 2302
76 1874
313 1139
1275 2524
695 1737
721 964
379 2433
1957 2240
134 2230
1168 2475
542 2452
71 1120
164 2729
346 970
275 1686
2161 2706
1799 2125
1401 2603
301 2313
1338 2444
1714 2649
52 1664
1169 1783
365 464
490 2294
184 2360
945 1788
714 2487
730 2495
1002 1123
892 2639
766 1664
441 2176
399 2760
619 1080
161 2774
1077 2004
1155 1569
1961 2629
1214 1908
474 1810
1893 2303
552 2373
1034 1599
864 2614
737 1678
137 2389
397 2755
1204 1764
432 1265
1903 2350
13 2450
155 506
1502 2010
353 2734
655 1075
1327 2753
2143 2203
132 1179
392 2539
160 262
890 1708
1552 2747
812 1190
2242 2250
498 1483
998 1846
679 1955
274 2443
1804 2467
658 1325
497 2100
813 2160
153 1811
1495 2799
685 1301
230 1889
162 2192
581 769
1108 1741
304 1184
2152 2355
1443 1627
56 210
1273 1538
643 1078
115 1517
852 1988
94 2690
1993 2253
2243 2541
318 1226
458 924
70 1995
1523 1874
328 1354
337 599
525 901
972 1912
511 2779
582 1381
385 797
2420 2569
662 1509
610 755
1112 2798
345 2360
1559 2552
15 1788
517 2417
447 1505
1728 1854
1986 2606
589 2806
1395 1976
281 1005
1567 2812
495 1465
1750 2661
16 2569
23 557
800 1463
321 2577
904 2042
1046 2658
1282 1751
281 1638
562 2801
14 638
1352 2560
2540 2630
1179 2742
255 1765
127 2542
94 1394
1562 2052
175 834
1255 1733
1273 1965
2202 2228
724 1186
451 932
1557 2817
1194 2156
2789 2800
217 1267
184 1203
783 1577
674 697
2259 2439
270 2351
110 1775
165 2346
500 2767
54 2026
264 455
1159 2058
2362 2525
12 2584
1030 1612
305 758
132 816
844 2809
611 1704
1014 2115
204 1458
673 1437
998 2564
597 671
340 2432
1102 1794
241 1310
96 1087
117 2050
347 1724
433 2544
757 1042
1789 2761
266 2580
148 1573
492 1676
79 151
335 2062
2562 2756
1720 1878
1349 2256
1815 2039
1491 2512
1069 2034
473 585
1973 2529
644 2293
1305 1697
724 1501
418 448
714 1689
874 1670
771 1339
1030 2508
154 996
242 261
736 760
2433 2533
1732 2220
2471 2785
536 548
186 2467
1438 1982
33 1323
1727 2471
534 955
307 822
1469 2353
1644 2540
168 1613
1865 2746
804 1705
1433 2796
2663 2672
2214 2782
5 1556
202 1671
2142 2527
868 942
1906 2022
385 1503
1415 1585
902 920
2041 2770
1207 1609
398 2108
481 2733
1065 1674
255 2556
1653 2183
753 2393
2094 2441
189 1022
222 1461
251 1416
583 1294
733 1851
502 1119
737 1231
1183 1782
452 2819
667 1781
1298 1853
277 1060
1541 2350
430 2100
2020 2422
172 2147
1254 1269
750 2758
592 1026
410 2037
187 2671
1589 2574
1373 2502
564 2301
1125 1173
250 2133
1550 2136
541 1003
1057 1180
346 2509
193 465
1165 1177
373 2105
144 1540
364 2752
1441 2305
677 1395
172 794
304 2787
288 383
1682 1735
398 1205
1335 2618
227 2347
1241 1646
80 90
301 576
1456 2408
109 1241
1274 2325
640 1570
333 2752
1645 2153
260 1813
2090 2284
265 2808
1024 2630
1409 1779
1320 2087
1647 1703
1166 2547
1814 2227
2026 2062
189 352
1818 2005
912 933
57 116
825 1677
342 1379
1161 2265
139 1786
404 2194
990 2370
1335 2081
436 1859
833 1617
856 1616
75 201
32 2331
1045 1670
2143 2317
1692 2048
739 845
225 1502
1111 2538
1342 2425
2182 2355
1205 1920
993 2283
471 605
491 2283
38 1326
1548 2412
945 2728
509 2365
174 889
195 548
1059 2030
1122 2064
601 1376
449 1848
1124 2637
52 2483
722 1903
2357 2671
550 2565
1007 2827
252 2112
1512 2074
1185 2656
822 2460
483 1993
125 880
2085 2416
1622 2648
1618 2153
1904 2279
1592 2602
2223 2566
637 1799
629 959
1621 1963
893 2347
738 1432
815 2163
633 1447
1861 2097
2210 2483
1017 1544
716 2597
102 873
1145 1482
111 2376
408 1665
368 1041
994 1855
1059 1748
350 2672
226 1987
2132 2201
257 263
814 2700
961 2728
2032 2170
300 1242
288 2714
131 1263
1902 2050
1430 1459
1164 1405
4 624
196 1387
1283 1316
1133 2461
233 784
107 1493
1495 1679
2086 2195
1704 1887
314 2730
606 2587
121 2273
2065 2456
352 433
522 1553
1175 2453
846 904
1421 2235
1233 1368
847 2147
212 2717
1554 1565
266 444
347 2263
1023 1307
1685 2361
1897 2477
696 1080
1259 2802
376 1098
386 2831
1280 1592
678 946
1615 2172
1237 1842
917 2479
200 2107
555 1967
254 2407
82 1611
27 49
1153 1237
91 1616
2242 2504
1136 1875
496 1230
851 2713
249 420
973 1090
312 1915
545 1945
487 948
2427 2429
84 245
1917 2831
167 1187
389 1160
673 2221
1245 1358
10 425
885 2364
20 2731
577 672
646 2017
1305 2780
763 2230
1348 1435
38 1309
845 2543
439 517
1222 2048
566 2409
403 2408
1721 2327
636 707
569 2244
817 1125
1623 2764
370 1921
579 1939
192 205
616 2725
431 561
857 1278
841 1017
2081 2670
1688 2555
608 2436
155 309
515 2297
905 1021
718 1489
1721 2041
373 2619
2067 2129
252 2644
1374 2749
625 1346
1672 2442
1486 1977
431 1257
1152 1425
283 1613
936 1833
2224 2233
1910 2257
1537 1917
1299 1749
365 657
90 223
315 1792
67 1182
1610 2533
1445 2228
231 1322
758 1464
779 2158
1561 2721
906 2095
1408 2229
263 1539
1072 1391
785 2539
1121 2375
246 647
269 1132
418 549
1872 1983
2031 2571
1414 2413
271 974
1410 1435
1280 1490
400 1503
637 1534
1384 1564
1191 1384
949 2692
1990 2035
1001 2274
1736 2001
1456 2725
1949 2023
17 2028
1582 2626
479 573
1430 1575
28 2354
1882 2615
649 1293
1661 2145
1734 2767
1999 2780
535 1522
423 2463
815 1949
498 1514
861 1235
1010 1606
1227 1979
509 2008
1360 1834
250 2775
2036 2282
344 810
176 1347
717 1488
310 818
406 1478
1148 2293
338 1956
452 1528
55 1838
674 2268
1399 2782
1328 1865
287 1753
1771 2173
20 1026
1995 2116
535 2821
622 2553
1924 2629
1473 2162
115 2495
569 2675
666 1970
922 1870
726 806
929 2699
359 995
1812 2097
666 1302
870 1968
470 1223
1712 2816
612 932
144 560
394 759
2123 2316
709 2036
177 1188
587 1604
156 1898
1400 2818
538 1705
1085 2706
1625 2071
2244 2425
440 1049
797 962
119 1240
642 1832
1107 1292
1268 1572
68 1245
838 2431
848 2674
1248 2628
22 514
728 1754
692 2054
1519 2522
861 2165
951 1545
482 704
188 2300
739 1062
2241 2480
145 872
157 166
738 2616
256 2185
1879 2697
964 1563
89 1480
1052 1594
133 586
1398 2150
1110 1487
1809 2326
980 2337
1892 2269
1482 1707
1506 2056
194 2694
631 747
648 2179
169 2474
950 1071
883 1786
345 1975
1261 1365
450 914
499 1966
1047 2740
1862 2684
1831 2473
1085 2654
108 1365
981 2279
1593 2275
1797 2079
493 2438
338 1840
2284 2678
466 2017
69 602
114 117
391 2258
598 1870
68 1211
371 2805
1479 2099
963 1003
2101 2594
496 1688
214 1018
96 1650
1630 2575
760 1145
120 309
1810 2537
1163 2188
259 2669
581 2762
245 1051
1563 1634
98 1403
2005 2289
45 2810
2402 2608
449 1300
1114 1844
95 2087
544 1426
2 1321
508 1084
2750 2753
1457 1562
126 1991
2144 2777
1896 2281
58 1388
930 1735
621 2125
1692 2211
1744 2564
1722 2251
342 1094
503 1388
863 1642
1856 1947
65 1356
1494 2247
788 926
645 2661
222 846
866 2606
298 1829
135 2754
2095 2550
1948 1991
372 1532
1668 1759
502 2292
618 907
44 1498
366 2316
444 1230
177 2784
710 1314
2404 2796
113 2504
1299 1777
2239 2256
928 2626
1032 1371
960 2601
390 475
2523 2538
658 2771
86 409
793 2297
787 1483
302 842
1091 1109
698 1942
602 1497
774 1522
1814 2771
396 546
1197 2553
1547 2049
2205 2447
119 2647
1350 1824
1916 2722
1449 2145
519 2260
841 1712
399 1033
717 1398
556 937
2171 2505
2389 2663
1426 1605
1558 1619
805 1491
1837 2218
960 2558
170 943
213 2739
1162 1239
1467 1548
764 1386
494 1062
332 2019
1879 2307
1001 2213
545 1144
476 1583
2390 2829
1481 1762
11 298
532 2183
706 2655
73 501
1290 1318
289 1647
573 2356
36 2321
1442 2790
2506 2709
889 1575
1643 2063
790 2011
1474 1868
547 1275
1545 2109
1899 2237
393 1839
46 2620
1073 1480
324 886
913 1654
378 791
2382 2809
524 2511
2535 2605
83 2593
2510 2634
243 2337
1 784
828 1648
629 980
186 2121
1679 2000
855 1258
1389 1466
415 2214
623 854
1298 2700
522 1638
2445 2600
1056 1290
2330 2811
199 781
2164 2443
2127 2688
1845 2681
1691 2772
941 2627
2070 2748
414 654
948 1079
1212 2151
287 684
171 656
308 801
809 2570
197 407
702 988
99 949
1137 1576
515 1224
284 1385
477 773
1669 1939
777 1936
272 1094
59 902
1181 1197
22 1718
500 2732
439 1827
1052 2786
2168 2380
1260 2377
315 2044
1579 1639
2332 2748
1576 2732
42 377
882 2174
382 1251
104 294
900 2595
239 1412
1378 2207
2783 2818
60 910
1958 2266
1014 1894
198 381
164 1225
1492 1769
269 405
914 1329
360 2344
830 1277
243 1038
699 1610
392 1534
1129 1658
598 703
776 2362
944 2146
490 1172
1193 1611
480 2563
875 1657
1199 1961
2349 2734
2046 2232
590 972
748 1871
93 942
1748 2106
1543 1930
277 2577
157 2574
985 1591
43 1544
775 1501
1357 1496
719 1946
348 2610
286 1170
985 2301
798 1891
307 2554
504 1846
10 1487
402 1620
1992 2560
1564 1700
1453 2603
2561 2775
64 2632
2198 2622
106 794
336 518
510 1775
2167 2380
1694 2216
1836 2736
533 832
92 1829
720 2186
952 1845
1112 1313
1727 2765
1711 1713
829 2107
474 2549
1485 2763
881 1856
1144 1195
152 2152
1311 2132
723 918
975 2329
2245 2382
40 1410
1208 1581
308 2698
2490 2537
800 2392
1806 2446
2014 2517
868 1772
227 2075
14 1344
1440 2668
588 965
1372 2075
1835 2823
1329 1773
104 138
1376 2708
1121 1325
1146 2185
518 786
1481 2146
294 915
577 2140
484 1093
935 1217
528 2013
2705 2738
1029 1858
2412 2815
477 1695
1864 2189
51 1006
170 2567
662 2111
615 2687
1760 2633
316 805
962 1612
26 2213
796 1844
1068 1252
920 2222
173 1126
12 1813
608 976
744 1668
1295 2593
894 2246
1353 1866
1053 2056
491 2177
343 628
81 1351
1213 2696
1802 2810
1441 1757
1707 2102
280 1316
867 2334
1689 2470
8 508
808 1286
50 60
1411 2793
62 2141
97 2192
2076 2710
560 1715
2 1513
1339 1924
377 705
830 1364
286 1040
2020 2739
684 869
1031 1708
1766 2617
388 628
369 2388
2421 2525
643 2530
1289 2119
536 1540
3 2813
180 1295
852 2071
262 1518
1832 2698
916 1216
1195 2391
1180 1484
328 1247
1039 2011
520 2707
384 778
872 2756
148 2505
651 1632
828 2804
1940 2652
1696 2800
1984 2352
1574 2021
332 695
1603 2223
55 2124
908 1593
130 501
1271 2691
30 1886
1031 1152
884 2204
276 1580
835 1459
236 1923
847 1685
1756 1798
1759 2086
899 1174
1284 1724
1570 2591
811 2552
934 1953
1618 2312
1739 2262
140 2466
484 1050
1165 1387
1641 2738
706 2477
1429 2200
208 898
1660 2226
1161 2768
2464 2802
472 865
1128 1317
592 763
2196 2598
488 1137
2557 2631
66 2012
568 746
2688 2829
193 2194
1124 2550
13 350
226 329
2007 2065
526 1060
2110 2135
1726 2785
1854 2366
951 1166
185 1737
1318 2328
730 1780
1568 2134
378 1572
735 1594
570 2582
1336 1366
306 2582
92 1857
1143 2573
229 2089
977 1424
130 147
1278 2548
87 2747
1379 1909
478 2410
142 1780
1552 1637
1340 1761
780 826
2186 2189
1916 2004
1439 1521
606 713
1694 2033
778 1908
907 1777
1472 1722
638 745
403 1049
339 672
1168 1306
57 2641
446 1381
749 839
270 1081
322 1959
1188 2070
1646 2375
1660 2578
127 1272
1369 1370
1142 1262
882 996
906 1752
691 1009
66 2272
1018 2770
1151 2499
713 2188
93 400
149 1058
47 1895
9 2395
152 2270
946 2057
783 2016
871 2502
2164 2588
668 799
1794 1909
860 2702
691 1849
426 2568
179 462
2002 2485
2405 2646
2160 2824
483 1776
736 1985
1569 2414
836 2492
2437 2722
2006 2291
463 2090
2300 2519
80 2490
2163 2169
2457 2468
795 1833
1394 1815
1860 2814
526 2719
476 1433
158 1051
827 2396
1008 1249
1089 2695
766 2103
1406 2447
1422 2309
427 478
2039 2682
2031 2055
675 1962
1012 2776
752 1238
1343 1755
1922 2384
772 1007
326 723
1310 2591
537 1837
503 2236
693 2624
1655 2149
2208 2789
563 2288
984 2507
1512 1938
18 2149
561 2182
253 416
395 798
1444 2314
1539 2656
1529 1828
782 1663
1746 1881
485 1841
2292 2367
241 2684
1276 2173
1134 1649
731 2620
1196 2093
807 1935
77 575
194 1808
278 886
2476 2779
955 2206
79 789
390 689
1010 2157
1828 2038
2407 2556
938 1100
1327 2338
381 2216
751 1600
1203 1246
531 1634
1172 1274
1038 2657
1521 2043
24 1389
75 2140
664 1500
53 473
837 2122
78 919
1150 1347
609 963
1074 1920
1598 1938
1348 1698
419 2399
2184 2463
607 1925
120 2398
239 2459
214 1964
2059 2697
445 2397
707 2650
1092 1922
35 2246
1091 2695
1118 2126
1558 2210
37 558
356 1932
145 1755
147 1859
968 2217
451 1746
1614 2383
1190 1826
103 2082
1529 2815
1022 1900
1852 2426
1307 1769
838 2660
792 2727
2431 2559
160 2536
19 1463
2025 2580
1877 2523
531 2024
741 1515
273 1633
2465 2794
1590 1716
647 2607
1036 2823
2458 2714
1763 1973
1221 1420
795 855
1224 1645
1399 2497
1635 2391
834 1460
159 1915
626 1936
1262 1349
422 840
715 878
1116 2499
134 2547
1517 2579
627 1013
887 1438
219 1311
1135 1248
776 2311
428 469
179 2454
456 884
1377 2449
1025 1591
609 2096
1700 2298
640 2460
578 1776
419 1067
1408 2666
2184 2403
571 2197
1378 1673
447 586
2330 2723
613 1182
657 947
1825 2299
1253 2737
246 754
361 1956
1635 1802
382 630
513 612
1584 2461
360 1642
1288 2272
639 1279
333 2464
1494 1673
565 1392
627 1822
1210 2754
589 2759
1251 1421
1953 2415
650 1621
499 2680
1055 2596
1508 2191
1537 1969
885 1944
603 1896
682 2451
1644 2665
740 2627
580 2003
457 1358
1219 1835
1119 1383
859 2200
1519 1744
843 2749
521 1972
1420 2353
31 1243
877 1900
1383 2252
113 417
2010 2354
1542 2825
1103 2454
412 1448
716 1440
2654 2766
63 425
2522 2729
72 2358
1667 2137
903 1808
469 2328
1750 2193
898 1167
2280 2692
1200 2289
1781 2083
1368 1867
1088 2457
2027 2387
1149 2064
244 682
2098 2133
1743 1858
1108 1135
91 2411
1006 1996
334 976
154 761
1449 2131
1334 2000
393 742
178 2403
2581 2828
143 1765
206 1490
1270 2314
967 2472
1729 2239
375 770
183 416
842 1306
513 816
153 2377
982 1067
567 2346
417 978
1027 1257
1758 1767
571 1370
625 953
50 123
507 1312
995 2501
542 1655
743 1090
258 1983
1899 2716
1531 2225
595 1677
1624 2280
785 1626
85 317
912 1619
220 775
2449 2515
1497 1587
1016 2110
494 1676
146 1963
351 1772
1650 2136
2266 2341
135 203
2073 2250
969 2053
46 1177
1343 1730
280 2435
236 2162
1628 2311
1492 1507
178 2673
34 1362
109 2003
323 2773
2518 2526
562 740
1319 2619
1586 2180
1159 2735
1061 1304
1297 2518
1806 2455
756 1873
317 2358
618 757
820 1523
1312 2372
1386 2568
1990 2686
1117 2038
175 1198
413 2028
753 2639
675 1785
1816 2024
849 1525
1738 2664
930 1675
1607 2589
362 2510
632 2710
1681 2264
928 2030
1367 1875
362 1072
999 2546
1176 1743
1207 1742
23 1742
137 1739
818 1825
2179 2519
1607 2631
2167 2554
2175 2488
685 2323
700 1906
614 1477
73 2637
1862 2793
1304 2482
402 1595
1099 1106
2247 2735
235 1098
2340 2487
1431 2066
631 1148
504 2014
1128 2080
320 1163
688 1614
251 339
112 2532
105 2605
2341 2513
453 2585
1709 2249
1754 2287
958 2668
523 2009
719 1217
363 2221
909 999
41 835
572 1446
709 1581
2496 2757
2023 2741
1807 2383
167 2388
1602 2559
297 1624
506 591
579 2156
2059 2243
312 1583
1713 2392
1100 1661
549 1550
292 1101
1063 2413
413 1674
2689 2778
299 1631
528 1890
162 2761
1281 1648
310 1999
1790 1884
464 813
854 1626
895 1416
182 421
2117 2645
173 1597
1972 2493
28 2386
101 217
1981 2576
278 558
1511 2060
576 961
1927 2484
1202 2765
762 2238
801 2712
1605 1988
1191 1259
2077 2803
434 1889
1606 2702
2318 2441
1291 2694
83 1122
434 1927
458 796
1021 2305
238 708
74 1728
1355 1978
653 867
1075 2677
732 1071
1824 2563
1086 2379
17 427
2640 2784
480 1149
325 1671
27 1015
295 1363
31 275
537 1725
1697 2255
1869 2113
1439 2290
1236 1902
956 2721
1083 2177
2206 2677
2181 2769
163 1770
1976 2126
2109 2466
1147 1234
1219 1486
2269 2462
992 1979
1157 1582
881 2612
305 1937
489 2664
915 1455
355 850
765 1891
1706 2551
159 2161
799 2604
290 984
311 1740
970 2662
344 1332
2066 2104
313 1411
1242 1282
916 1317
168 770
681 1910
136 1588
1400 1656
230 2806
2234 2262
1863 2561
388 2643
272 669
2368 2638
205 306
2535 2743
2401 2546
870 1926
921 2615
6 2717
2689 2711
26 1258
2453 2512
426 2506
1008 2649
1738 2092
879 900
1699 1918
779 1260
1785 2237
849 897
988 1541
1084 2313
461 1407
1211 2390
1602 2159
56 1950
242 2166
1268 1651
1516 1542
819 1155
2248 2558
1579 2508
49 1553
2029 2051
529 1331
165 831
1687 2323
482 1228
1434 2295
319 2222
1431 2215
1805 1932
1428 2040
1139 2737
516 1819
1082 1303
1475 1822
237 1079
989 2253
394 2096
1405 2181
247 1183
1827 2742
604 1736
291 407
1885 2719
683 2812
701 1530
681 1944
2142 2374
314 1287
1847 2405
271 2394
1417 2104
67 2359
670 2598
71 2474
1063 2586
1489 2327
1326 2151
1055 1110
690 2643
65 1285
98 2625
1560 1823
771 2263
150 701
1764 2608
973 1086
568 1138
370 1789
234 941
2359 2602
527 1883
925 2485
646 777
1319 2217
823 1783
1950 2511
488 727
2378 2420
1894 2566
2399 2776
853 1156
1223 1493
48 903
293 665
543 1407
1366 1701
923 2124
1451 2400
432 2723
290 2611
118 2458
621 2529
2248 2712
1934 2130
330 375
234 1450
101 1669
668 1595
34 817
1377 2501
2315 2781
87 567
1066 1113
1105 1820
1863 2768
207 1250
188 1763
1740 2541
529 1120
321 1076
2240 2335
1462 1470
1658 2781
1662 1726
1393 1452
1011 1357
357 2180
2226 2440
1817 2532
575 1761
36 229
1213 1770
572 2208
1322 2622
774 2092
133 1462
481 2201
303 1801
1000 2472
689 1560
1402 1954
809 2681
430 1609
248 2321
462 2496
1886 2225
1678 2645
622 2418
1883 2807
323 1683
1127 1218
265 1313
1528 2683
656 873
1037 1986
128 2646
584 1578
712 1864
1982 2609
258 1520
2349 2421
41 1043
574 1372
1994 2693
1629 1757
2138 2534
1229 1804
686 1302
1044 1450
584 2813
905 2045
1056 1997
395 786
1659 2084
59 600
866 971
204 2494
1104 1341
7 2303
334 2069
327 1476
1066 1193
624 1565
1404 2129
1350 1675
510 865
2232 2236
2581 2745
735 1429
858 1468
745 2521
354 734
2287 2548
993 1585
700 1226
1876 2112
1872 2557
1427 1732
70 848
232 1315
380 421
1272 1401
2498 2562
909 2373
877 2329
2252 2497
445 1820
2348 2381
1784 2726
977 1893
1390 2428
782 1057
285 1895
1596 2047
1270 2726
722 2324
1633 2343
1817 1860
1131 1937
32 43
212 595
1093 2088
611 923
129 1784
694 2235
547 2667
1201 2419
633 1703
1214 2435
221 959
1263 1472
546 1097
596 2174
1208 2009
1566 2212
767 2178
268 2704
1065 2660
899 2716
247 486
1206 2572
472 2067
1884 1935
664 2037
1834 2578
411 1000
1868 2530
1787 1918
585 1779
1363 2333
128 1162
1209 1842
1096 2261
86 1196
1315 1423
983 2203
1919 2172
139 228
541 2001
791 2199
331 1907
1303 2116
1702 2658
1535 1571
833 1039
1321 1546
4 1800
1508 1684
649 1157
289 1136
1499 2811
216 1749
1851 2791
2202 2792
839 2273
968 2079
1328 2442
505 2212
1985 2528
202 1888
404 2650
61 361
219 2599
954 2304
2016 2448
1461 2265
969 2395
42 282
671 864
140 369
51 1753
642 1686
1778 2368
826 2590
181 1549
655 958
2335 2635
192 2218
1331 2061
111 929
435 825
1355 1380
284 2509
25 2830
283 1984
1283 2807
1485 2348
2376 2693
741 793
2227 2404
705 2794
276 1308
1266 1768
479 1994
858 2513
554 679
986 2008
1016 1184
48 1524
1126 2778
1981 2542
827 1897
106 1088
1535 2175
1146 2544
84 1774
497 1855
324 1181
591 2590
1359 2503
1640 2455
2402 2751
221 1134
665 1019
505 1069
764 2352
1346 2743
896 2378
1158 2072
493 652
2045 2826
1457 1551
174 1513
2476 2592
319 1531
141 2120
261 1488
635 2103
1127 2080
387 2115
326 2072
1598 2282
206 987
299 412
18 692
235 2828
218 1730
282 2128
1518 2204
1396 2444
1442 1629
1106 2479
1960 2040
142 634
978 2091
1040 1987
922 2551
718 874
442 2344
1176 1406
169 436
1206 2480
687 1888
554 2052
198 2667
457 1423
755 965
438 1965
216 533
729 1087
88 743
1382 2122
553 1150
1997 2791
2411 2516
512 1798
1025 2475
1718 2022
105 1952
687 843
1826 1940
354 356
129 380
340 396
979 1202
578 1354
1330 2088
466 908
256 1359
823 1419
1637 2007
544 1751
663 690
420 2401
415 2545
1698 2013
994 1023
1702 2424
1285 2573
1436 1970
435 2744
2091 2281
1971 2055
1803 2196
7 1334
2102 2597
1047 1244
1412 1506
869 1286
1654 2135
2434 2676
748 1651
279 1064
89 2724
693 1821
702 935
934 1596
78 2611
149 2484
422 2254
1943 2701
773 1847
6 1371
564 892
2134 2821
615 1045
1064 1345
1496 2572
54 688
2148 2456
1701 2792
1632 1734
1941 2233
2138 2822
1344 1352
876 2370
267 2111
897 2159
1437 1588
788 2155
61 1549
158 2258
1247 1615
1154 1524
634 1948
527 2406
559 2445
1029 1138
341 1267
1187 2478
1928 2190
1032 1659
1587 1715
448 463
927 1192
940 2678
2417 2659
1189 2101
939 1767
614 1516
1590 2596
1710 1954
183 1962
311 1774
925 1975
983 2336
429 2623
37 953
1105 2715
161 300
565 811
63 1465
330 2199
1959 2245
2278 2790
2018 2715
454 2507
2592 2777
540 2638
138 1912
2336 2384
228 2583
88 1466
599 2486
1276 2006
1342 2516
694 1209
1024 1882
1281 2322
181 2830
389 2528
81 397
456 2310
710 2385
551 2520
1288 2312
231 940
780 2584
626 990
372 2369
121 704
2049 2514
1041 1451
325 2478
1201 1733
1392 2238
699 2448
728 2385
1254 1574
253 2121
543 2418
124 1414
514 2446
2198 2795
146 1760
1448 1861
747 820
453 2760
635 2825
645 759
2019 2750
492 1663
475 1929
887 1731
2193 2740
1036 1511
1175 1249
295 1977
349 2083
550 1361
1284 1681
924 2419
619 648
1113 1933
2150 2430
1077 2585
1243 2078
1878 2108
401 789
2155 2636
1942 2826
201 1477
1468 2583
1458 2819
58 1074
1901 2621
1947 1974
1848 2797
750 2571
727 2450
894 1147
804 1952
2251 2361
107 2025
2012 2176
292 1215
2058 2607
814 2166
182 1443
1533 1683
1500 1608
1264 2521
1536 2320
520 1890
438 574
620 1998
1375 1584
1178 1941
1390 1617
952 956
991 997
77 1218
837 1234
680 768
2114 2118
1996 2783
911 2704
566 2514
729 1469
1680 2595
1771 2423
1123 2195
2219 2296
30 2520
254 1227
525 703
423 926
1971 2249
660 812
248 2773
1046 2438
1118 2430
16 2713
1356 2319
850 1156
1020 1933
992 2662
1048 2299
1353 2078
82 471
2209 2267
821 1116
1568 2379
803 2416
190 461
557 2462
1019 2409
761 2612
489 853
1035 2209
8 2278
465 2705
122 1109
652 2624
2386 2498
429 2440
587 1782
1256 1795
967 1236
208 516
523 1803
2465 2641
72 2686
374 1699
1132 2234
2215 2655
156 957
1035 2288
676 2154
1571 1665
997 2285
39 1097
210 1289
150 2653
335 604
1200 2187
2410 2676
1418 1926
947 2468
832 890
957 1507
931 2220
405 552
2077 2599
468 1706
131 1717
1309 1666
511 862
1081 2304
734 1130
33 2259
744 2398
851 1830
21 136
47 2786
623 2169
1913 2315
1690 2264
530 2211
327 1054
1220 2659
124 1812
2207 2647
1291 2814
2372 2565
274 2085
1555 2308
651 1791
1020 1058
2270 2543
424 1142
199 910
2394 2683
264 2309
917 1360
588 1695
1169 1427
1174 1446
819 1604
802 2817
860 1102
1857 1957
387 2339
190 1204
987 2046
1745 2820
1630 2808
1793 1989
1164 1714
2099 2644
224 630
2718 2744
2503 2755
102 938
670 2369
118 2769
1250 2682
1543 2731
44 2481
364 2260
240 1068
1921 2665
669 1308
260 2600
2117 2374
1474 2069
844 2587
1805 2054
2051 2154
296 2106
336 686
297 1199
836 1762
486 1382
455 2298
2427 2601
2139 2285
1198 2524
2306 2500
2231 2302
1233 2536
1220 2432
1422 2310
1229 1752
209 437
726 1843
1964 2032
617 1425
636 2434
1048 1601
341 752
556 2633
122 1514
989 2570
563 876
1042 2089
937 1608
1228 2736
754 1391
1341 2699
1684 1710
171 2318
605 620
979 1296
1369 1413
1314 2589
485 711
787 1151
349 676
1877 1931
1720 2764
1095 1852
112 358
1131 1361
440 2820
293 2224
762 991
454 2365
