200 180
50 104
48 134
4 60
78 119
163 166
156 191
65 115
29 148
113 185
72 86
98 187
41 63
113 167
4 113
155 158
105 175
106 183
164 178
13 66
7 196
8 123
52 55
17 59
58 78
75 125
36 75
68 128
119 171
11 111
54 128
69 160
49 51
170 181
106 173
15 143
57 118
9 111
38 141
65 148
32 130
127 142
68 184
114 192
60 76
164 182
108 117
158 181
157 187
162 194
1 41
110 143
125 127
50 115
109 193
70 154
28 29
24 143
129 192
70 88
1 29
96 168
108 166
3 133
187 200
83 166
44 60
22 177
134 163
80 151
94 107
70 114
104 195
78 84
13 74
16 180
63 160
152 153
29 191
59 165
133 179
71 113
91 195
52 127
105 188
85 112
17 86
129 197
105 199
87 200
7 173
6 93
160 182
47 122
54 93
7 20
8 162
148 168
57 62
158 165
171 172
82 180
45 69
19 147
137 166
48 69
6 28
102 151
88 92
99 171
36 95
108 177
86 140
36 54
55 163
3 67
5 156
65 131
7 91
119 148
106 200
140 191
134 183
110 178
37 177
74 121
20 110
58 169
12 103
120 168
96 184
15 137
26 198
84 147
11 70
13 56
67 89
43 75
75 91
47 137
83 156
14 73
86 171
19 159
25 183
152 194
80 122
127 154
168 172
64 73
68 85
17 117
117 138
27 39
49 135
18 125
76 153
67 97
97 106
122 134
18 58
15 108
115 162
92 190
22 119
11 107
27 93
176 183
118 126
31 115
42 80
97 194
20 118
82 91
2 180
11 178
58 178
74 150
88 123
27 176
30 31
