539 559
36 181
92 262
152 316
307 339
161 259
113 263
243 328
376 532
65 203
326 537
164 280
125 433
402 419
145 435
100 326
2 495
485 522
38 390
74 154
316 526
155 428
478 505
202 261
376 482
67 416
343 408
85 290
156 349
69 488
443 499
111 468
127 382
293 309
283 419
258 392
143 200
389 470
52 212
398 523
302 508
50 313
254 280
84 237
185 491
456 518
400 438
337 388
162 320
93 179
90 96
405 512
223 454
264 375
289 475
97 122
210 410
71 368
113 481
373 385
193 207
300 539
106 300
406 459
324 423
135 194
174 458
2 380
230 333
27 306
206 284
338 444
147 222
242 360
200 285
471 478
187 405
226 536
152 248
128 352
51 162
467 511
242 413
281 530
132 276
451 498
98 519
364 521
163 253
222 363
250 348
359 515
217 368
27 142
298 337
49 155
421 424
144 437
43 353
199 356
173 370
6 447
86 260
137 256
35 421
146 279
15 127
417 529
59 139
339 467
77 117
374 505
22 406
383 392
224 414
264 355
265 447
247 415
188 234
43 202
159 482
99 198
1 130
311 355
43 327
182 329
168 330
29 272
201 244
109 504
58 208
107 413
85 299
35 183
44 263
138 308
396 490
132 442
11 198
123 303
20 491
207 462
124 494
338 501
6 254
59 250
58 364
86 221
191 474
293 427
30 290
225 301
229 512
9 317
75 367
172 286
219 302
51 487
176 475
236 312
65 192
101 500
257 483
88 158
57 323
89 273
201 345
185 518
70 227
348 459
270 485
220 381
26 387
61 389
175 507
19 182
150 391
121 273
169 270
14 425
275 403
267 465
36 177
73 366
87 219
74 226
157 231
39 342
278 489
227 358
377 429
111 211
173 318
188 363
164 334
324 493
311 336
25 309
147 282
255 407
88 449
394 422
142 267
23 436
463 497
365 534
382 453
397 464
383 533
258 457
17 373
317 441
76 343
46 126
354 356
209 509
122 352
100 291
44 47
60 409
239 269
52 394
41 494
31 442
91 227
221 265
489 507
218 402
261 282
131 461
134 271
81 143
171 460
115 503
172 197
16 37
149 527
229 524
291 471
30 91
119 216
70 103
215 245
55 125
370 430
148 184
131 497
5 133
425 466
141 245
301 517
184 448
24 83
57 496
23 353
349 401
436 479
288 432
31 257
296 409
28 533
35 490
240 362
433 499
68 194
165 378
42 440
306 314
208 515
158 163
8 479
256 458
416 463
303 502
12 398
228 372
204 228
386 388
118 135
190 203
191 216
35 523
50 510
133 525
439 490
332 477
400 401
80 439
186 535
63 430
192 498
48 431
189 319
46 271
125 305
54 408
224 371
438 446
232 399
51 372
146 268
118 119
106 274
329 449
101 315
13 204
116 248
98 288
95 332
432 472
33 536
294 527
249 287
193 315
12 213
116 260
62 455
331 365
324 370
417 437
94 530
20 156
281 504
73 214
63 286
19 524
8 440
174 342
241 529
139 404
284 288
3 241
110 205
26 259
18 422
322 369
7 186
167 509
60 72
112 304
275 444
94 387
319 514
196 292
1 114
295 469
285 481
321 391
145 347
87 420
103 340
304 531
197 418
137 386
415 529
168 434
179 493
104 514
28 397
376 385
377 503
150 456
328 454
47 476
283 410
209 502
420 462
144 445
181 230
24 506
82 483
217 363
29 68
176 205
96 268
189 446
166 266
32 247
71 81
473 516
297 310
404 424
136 277
235 287
451 521
269 538
157 379
170 395
15 296
56 169
32 461
66 480
317 382
49 148
234 240
126 395
13 411
123 411
213 331
92 153
11 295
54 350
87 325
41 151
21 435
323 445
140 466
67 233
120 453
333 448
426 535
159 412
350 401
48 129
4 249
42 102
165 360
244 320
235 414
128 517
40 161
78 141
89 215
190 393
384 431
69 474
140 246
180 310
53 393
138 149
243 369
251 488
314 434
107 359
379 469
22 246
419 484
262 528
4 199
21 109
327 390
308 511
108 482
10 212
412 516
289 322
93 183
105 366
357 441
305 321
251 418
16 428
55 354
136 486
104 223
80 372
170 532
7 522
166 233
56 237
375 495
77 241
407 429
120 153
62 457
361 452
117 455
220 371
115 299
45 492
274 336
297 305
121 307
53 396
129 380
362 426
238 470
298 443
72 341
335 526
351 378
330 361
34 82
37 130
492 520
171 313
238 283
484 531
277 508
183 346
110 253
195 325
214 468
90 154
114 423
233 444
427 519
98 196
79 384
206 255
334 381
45 252
266 272
102 160
9 353
211 367
486 506
76 99
84 350
292 318
187 416
195 460
67 528
83 279
335 480
39 464
510 513
91 525
344 538
64 399
17 108
97 231
236 534
75 175
346 476
112 477
357 465
167 219
160 501
294 358
79 232
178 351
239 341
178 374
225 340
124 344
61 78
14 218
66 496
105 177
278 345
450 520
25 537
403 472
222 450
134 347
64 210
180 274
18 95
5 487
34 513
40 252
38 452
3 10
14 324
151 500
276 473
5 351
33 312
336 539
