5000 5100
4018 4932
1219 4540
266 4176
3455 4747
3965 4734
187 2788
845 1733
153 734
1799 2012
3403 4362
831 1899
3445 3549
456 4464
1165 2176
792 3296
1256 4204
3306 4834
431 4357
2922 3674
917 2667
380 1406
2321 4682
529 2079
890 1046
3799 4502
1811 3905
176 1565
431 4859
789 2284
1092 2300
1115 4787
1520 4827
722 4495
2108 2690
3593 4328
1265 2779
832 1711
2181 3149
2336 4033
1928 2313
2161 4651
1209 2936
2263 3090
794 1684
3870 4832
1517 4952
12 3495
1391 2506
2280 4956
2252 3704
706 1255
438 1298
1160 1696
3345 4605
2310 3251
3342 4153
2829 3474
633 4868
1987 2594
810 2019
1154 2443
1542 2562
804 1726
3305 4232
2884 4038
73 3787
1714 2625
4910 4948
3490 3602
1442 4601
3188 4348
1115 1641
626 1605
1243 4279
1354 2649
851 4754
1774 3084
2858 4449
534 1659
807 3544
1260 2458
2657 3866
3641 4984
1843 2749
195 1671
331 3359
248 2403
265 2243
3868 4664
300 3496
262 3227
3032 3728
2774 4221
1049 4539
345 2855
1556 3878
2573 3328
1464 2735
2488 3047
1934 3419
312 1396
1602 2327
4468 4553
1248 4077
202 4873
921 2836
899 4355
1982 2494
2191 3850
2203 3642
2597 4527
1267 2198
1184 3708
673 4230
1637 1977
4137 4976
3538 3758
421 3540
1574 2218
2474 3674
122 4189
51 749
1902 3386
1186 4964
3673 4802
230 2264
2391 2605
458 2536
2073 4967
2683 3732
3502 3584
706 1953
461 3422
809 3739
2648 3820
2264 3175
2589 4708
769 4889
86 2614
179 3091
2039 3581
1140 1978
209 2757
1093 4309
781 4717
647 2633
3448 4299
210 2468
1481 2564
1619 4339
702 3669
567 4905
855 1178
2028 2408
998 4267
22 4273
423 652
1503 2277
955 4765
498 1939
1814 2254
2119 3528
550 1392
1271 4955
3672 4680
1557 4956
407 1699
531 2057
1612 4589
3423 4741
296 4109
893 3166
2492 4615
681 4375
440 3530
2561 4467
4552 4979
523 725
83 2893
338 2281
1240 2185
1034 1708
2729 2787
3564 4996
3354 4509
768 1214
51 4894
295 2711
926 4372
2141 3006
1136 4482
3395 3751
1570 1844
28 4199
1372 1429
2493 3212
2244 3707
3817 4653
134 4511
2641 2957
169 3949
2710 3331
2580 4213
2024 4764
242 3206
3585 4163
1919 2678
90 3644
482 4763
1716 2403
2088 2497
1152 3077
123 823
1657 2673
1290 4570
2207 2725
803 1036
2543 3930
57 3122
1510 2794
4278 4300
3977 4214
916 2366
435 3489
294 1091
1295 1789
650 3063
491 4828
1402 4557
694 3313
538 1776
615 1956
785 1108
1910 2687
248 2273
162 4636
1682 2248
2515 3671
1568 3994
1524 1732
3919 4657
530 3832
1560 3914
839 1838
2008 3238
1464 4439
174 4724
3751 3815
528 1794
1941 3421
382 2200
584 4697
1388 4837
2714 4439
1224 3459
2490 4269
3790 3869
4438 4843
2212 2847
1289 3245
444 2529
180 316
112 4856
87 1672
3069 4796
1129 4506
3404 4743
159 3282
2896 3658
173 3453
450 4987
521 1050
2507 4487
1608 4188
1032 4937
2421 2920
35 4258
127 1952
1207 2502
920 4134
2010 3411
200 2817
2852 3867
1999 4980
1877 4150
1709 4887
1535 4216
924 3248
919 4934
1848 4419
898 3570
4582 4965
2097 3094
2532 2844
3884 4722
1164 1611
3811 3889
2455 3447
995 1874
930 2110
1333 4569
300 2531
1039 4456
1292 4771
1109 3521
3934 4078
666 2090
4083 4879
4357 4780
682 1617
724 3822
908 2118
1477 1686
3086 4506
1721 2458
1999 2229
15 4415
3326 4673
939 1432
2751 4572
3561 4613
111 2714
10 4863
508 3882
801 970
381 4748
4098 4759
1051 4716
3114 3574
1023 1406
36 2087
777 4026
1543 4675
1119 3219
2077 2079
2052 4652
410 3492
1845 4993
504 2947
2343 4029
178 574
2541 4676
2251 4003
3990 4332
1593 2911
2827 3923
339 3555
1298 2748
1393 2587
1300 4253
70 4608
3635 4275
525 4094
4045 4405
761 1741
560 3308
1893 4408
664 3115
3131 3379
661 3762
1579 3338
1612 3854
201 1093
3005 4533
2885 3029
59 3515
1025 3967
1156 4282
420 2563
1703 4500
771 4276
1598 4486
2831 3855
646 1425
1776 4333
1263 3477
3266 3290
1749 4562
509 3670
2018 4922
1056 4845
485 1167
1503 4831
947 4234
3537 4586
1668 2668
1751 4373
5 4346
631 3043
2712 4310
2504 3816
2084 3725
4065 4066
3790 4704
399 4578
1180 2356
1168 1180
133 608
2605 2934
4017 4946
3775 3878
858 1269
691 2441
3202 4525
397 4722
997 2186
1177 1476
874 1472
2278 4161
457 1297
2120 4901
1526 4522
591 1845
514 3858
1838 2776
871 3302
3449 4888
2986 3384
1685 3718
1915 2821
68 3344
923 4652
3564 4345
955 1414
2292 4951
396 1857
684 4081
1516 4596
782 1727
366 1581
1806 3230
1199 3201
866 3167
836 4824
1268 3457
617 3178
1548 1720
6 3111
245 4784
770 2437
1043 3889
2335 4712
469 3942
3747 4304
3030 4165
3473 4701
3368 4564
1335 3939
1153 2719
1080 2638
2221 2563
505 2323
165 3541
2933 3394
1665 4693
1461 3920
3134 4513
173 3639
257 3081
21 2690
390 3040
232 3852
339 556
466 4776
657 4740
4283 4343
640 3469
1310 3939
1033 1084
1247 4571
3558 4173
2313 3753
2959 3566
1783 1890
1824 2781
141 374
1818 3229
850 2733
1414 4102
1587 4433
213 1648
659 2333
1289 2080
1659 4741
1632 2267
914 2907
228 852
502 905
732 4021
3414 4103
468 3542
117 3698
593 2066
2272 4869
2201 2849
3526 3851
332 2463
621 2483
1746 3339
594 2309
899 1315
1121 1525
599 3241
1618 3744
2942 3963
841 1492
1709 2819
353 4164
551 3756
2517 3090
1688 2988
469 3864
4218 4388
1398 4069
3970 4463
3456 4301
1330 3297
1817 4500
49 243
1176 2913
138 2499
3592 4611
2262 2551
1274 2048
3839 3958
44 4069
2902 4145
1546 2688
733 1269
2749 4380
961 2076
603 891
1189 2670
2892 3510
714 2691
2665 4812
1208 3619
2301 4634
497 736
1610 4662
3968 4111
2274 2649
1241 1992
989 4862
904 3127
1074 4260
1472 4648
1892 3926
1379 4192
719 3332
893 1232
1674 4869
206 2812
3441 4532
3355 4553
2732 4698
1478 3154
1126 3708
1980 3688
1692 2434
3204 4620
720 3754
182 3047
84 621
2129 3534
1461 3709
332 731
1340 3497
876 4766
1114 4839
1723 2489
838 1047
2637 4712
915 3478
3892 4383
2982 4499
908 2526
588 764
2716 4472
1925 3205
326 1526
1095 1606
622 3543
90 3188
1 2374
2551 3898
918 4403
291 677
2470 3008
2557 4867
3335 4437
200 4895
1984 3776
311 4628
3294 3295
722 3957
1094 1479
8 1680
3071 4508
1549 4972
432 4469
233 1701
1808 3399
1238 4128
1377 3092
3941 4367
2972 3108
1609 3461
1830 4286
869 1847
1052 3762
623 3928
2711 4927
1081 2712
408 1489
3875 4265
2585 4884
2736 2741
739 4452
1671 2229
1505 3193
3013 3407
2199 2437
776 3639
1259 3078
8 1593
2556 2837
1518 2609
419 4646
2989 3190
3971 4690
519 1154
1994 3231
13 1895
1338 2797
620 2207
111 3614
996 4366
1701 3089
3618 3933
3473 3516
154 1801
638 3844
759 3725
318 888
2062 4872
1401 2742
2404 3736
362 1740
1179 1422
2037 2172
408 3194
723 1030
4131 4497
2294 3317
1151 2613
949 1922
1874 4559
812 4242
564 3542
674 2064
212 3973
1117 4328
4202 4825
2095 2742
481 4713
755 3880
143 499
2210 4735
289 352
2283 3031
386 4147
166 3304
875 4657
2851 3312
3198 3827
524 3345
3779 4080
3944 4303
1264 2970
1717 4195
409 4432
1210 1491
813 4819
399 2810
1511 3167
1806 2606
1185 3494
2857 3652
3246 3650
710 1834
1364 2433
1503 1936
105 2786
1451 2534
336 1092
479 798
680 2107
3904 4138
3029 4818
2259 4683
1697 3603
1281 4302
547 4193
885 4461
2333 2359
304 3458
573 1426
1028 1313
2491 3771
2766 4410
2124 3187
549 4344
3341 4674
1341 1990
4284 4496
896 1731
1249 4354
707 2764
1392 3392
688 2632
3490 4896
2643 3741
2843 3602
2548 3780
1419 2490
626 2407
1630 2350
1916 3860
614 4700
2427 2658
1196 4960
133 143
239 3749
2698 4314
1172 2401
1067 1724
57 3650
488 3603
1342 2530
1617 2574
2383 4313
209 4256
3250 4820
877 1862
98 3822
894 4008
1909 2252
320 1905
2011 3213
1841 2736
1139 3154
1130 1675
661 1266
1547 2789
592 939
738 4140
2089 2961
883 4544
2167 2315
1829 2726
1151 1886
19 4194
3435 3684
553 3159
964 2272
3056 4993
1366 4119
1148 4479
683 4868
95 3680
4867 4966
1096 4995
967 2723
4292 4787
1244 1724
74 1127
1375 3200
1673 3434
1728 2929
2117 4567
658 2096
3272 3446
1024 1533
3233 3398
3520 3805
218 3410
114 160
2221 2895
2968 3972
4215 4952
951 3297
1362 4044
2322 3908
1856 2163
1895 2674
1126 2452
2156 3014
1913 1988
1936 3356
272 2997
3267 4264
3306 4411
442 2380
1051 4718
938 2527
4337 4505
1296 2626
1283 4986
470 2338
965 3962
751 1671
1752 2927
1984 2183
35 1158
2114 3757
498 3770
3338 4797
2189 3413
2062 4636
711 819
698 1666
2262 2780
2429 4244
2874 2932
3176 3184
1080 3382
1815 3467
3129 3395
2302 2546
2495 2671
156 3669
681 3289
575 708
632 3652
543 3396
1288 3403
981 1453
3139 3895
400 2859
2202 4004
4397 4623
4361 4599
1897 3666
852 1745
778 4656
3761 4373
3868 4464
368 3175
185 3027
2568 4480
2208 2247
544 4846
2305 2929
555 1417
56 3501
1286 3287
313 405
740 2168
758 2120
45 820
1558 1898
2734 4051
205 4143
1304 3433
2050 2063
1216 3192
2427 2926
1848 3469
3005 4267
1843 3072
1620 3927
2047 3105
1068 2071
539 4169
277 3798
934 3679
1839 1861
3989 4763
2925 4068
888 4930
3431 4156
2369 2653
2524 4667
1650 2943
2730 2953
2192 2224
29 1207
2853 4909
991 1447
2672 3270
1769 3772
1494 3352
131 3779
1508 3986
3202 3588
2824 4638
2174 3242
1235 2413
494 1225
3529 4831
1525 2510
1161 4340
948 4274
4521 4978
1924 4577
3472 3595
2879 4039
1836 3244
3391 3881
1783 2033
1161 2331
275 2669
526 3346
3277 4732
120 4414
2010 3049
1750 2177
2046 3083
3592 4601
1710 4786
1252 1578
335 3633
667 2543
2767 4377
181 3402
3115 4517
1957 4356
1456 4876
4141 4647
1589 4940
3804 4538
864 4203
3780 4245
2206 3104
2203 2803
2394 4231
1157 2913
3550 4178
184 4829
1311 2948
76 4692
2738 4875
1134 4672
78 1850
4108 4678
912 1065
2878 4093
387 548
350 1616
1321 3871
3862 4736
2205 4706
1175 1242
1112 1596
375 3668
2241 4848
1416 2253
1000 1908
730 1490
374 2433
4286 4958
3062 3482
2231 4904
1696 2876
2325 2864
3493 4833
385 1682
1926 2725
373 818
4617 4982
1205 3465
1288 3385
1793 3578
1045 4465
2269 3467
315 2535
1111 4978
515 2489
128 721
2085 3918
961 1590
3236 3614
856 4477
1603 3521
439 3769
3979 4301
2358 3357
2583 4190
610 1830
184 3452
3510 3825
2793 2945
489 4679
1287 3840
2860 3435
2450 2897
819 1990
783 3350
1489 4747
84 950
2731 4570
129 1501
2621 3480
362 2630
1215 1344
537 1689
968 3727
3983 4904
1861 3614
2249 2836
2752 4723
175 3232
2339 4340
2246 2761
2661 2727
126 3953
4427 4583
3549 3885
139 1883
1113 2268
238 2975
4104 4416
47 500
1510 2419
4509 4767
4417 4790
2288 4852
1024 4621
2044 2681
4425 4931
2510 2778
4198 4911
645 4695
2664 4433
385 3361
281 2642
4507 4590
197 669
2091 2733
1798 2801
1192 3482
2879 2893
2459 3781
776 3178
46 1766
345 3074
194 4781
594 4605
806 2497
361 646
1718 4170
1110 2591
944 3417
30 4344
1128 2406
2635 3258
2033 3508
1259 3207
3380 3677
129 150
751 2508
136 4492
9 2991
627 2402
18 1639
3531 4228
553 670
2134 2569
176 2713
171 2631
50 4354
180 4836
3209 3365
130 2678
222 391
821 3445
1663 4218
1284 1559
410 2565
925 2566
4144 4475
1546 2540
400 4890
48 2748
641 3784
2260 3709
32 1150
2809 4239
2346 2411
1316 1878
3012 4325
909 4714
799 2426
3152 3821
2540 2558
2480 4977
773 3358
1951 4655
843 3552
964 3956
2265 2324
870 3893
107 1527
1357 2396
2762 3263
2193 4649
2617 3690
831 1458
1193 2217
1450 2900
145 4590
2110 3276
713 4082
1430 4202
155 2740
4604 4727
1664 2017
2355 3350
481 3433
140 2719
2987 3282
2999 3105
2003 4417
2055 4077
1413 2472
1958 2376
211 2332
3072 3499
2334 4761
521 663
526 1687
1981 3196
1483 4750
1306 3236
3299 3883
2773 3699
2078 2904
1323 1787
997 4755
2561 4796
1690 4558
1063 2944
1251 3249
220 1302
4476 4707
740 3274
879 890
1273 2048
3127 4087
38 3408
404 1332
3333 3840
3069 3846
41 4587
755 1228
996 1075
482 4292
1513 3410
1771 4229
186 4018
2936 3547
756 3831
2009 2675
3792 4503
288 1013
860 4858
335 3369
982 3006
927 4152
727 1710
971 1673
1781 3384
2021 2290
1567 3657
2833 4063
4110 4622
624 2157
3896 3944
3113 4866
1273 4157
709 2152
834 1605
1077 4783
807 1197
1863 3367
503 1906
1069 1348
3584 4421
1522 4809
3008 3700
17 792
2373 3040
2577 4210
2800 4503
4161 4209
3604 4118
1032 2992
1903 3460
268 4533
804 3161
1044 2584
3371 4834
2233 4124
1471 1561
1792 3829
118 4312
859 4841
360 2371
1772 4925
1886 3126
2937 4608
3481 4222
132 3623
1876 3212
1072 4707
1437 2536
2204 3351
1481 2863
2302 2709
1153 4942
2171 4370
61 393
618 2291
3493 4329
668 3727
1254 3035
1042 3636
1314 3080
4505 4674
1611 1930
1681 4393
2225 4443
1647 1691
1007 1336
1190 4123
2584 4589
3420 4866
147 1363
2183 3084
43 583
3932 4766
2233 2995
363 1496
984 4784
414 2436
168 2133
2051 2983
252 1624
3052 3322
3397 3499
306 4112
2493 2524
2073 2187
4502 4554
1216 3901
99 1946
1060 3320
929 3402
1099 1623
1016 1914
1123 1846
499 3215
719 4028
1083 2442
4091 4166
2317 4035
1911 1964
196 2993
3577 3693
867 1607
2978 3801
1049 1739
2758 2931
1587 2319
3568 4466
3979 4035
2512 2886
459 3501
654 1360
3945 4221
2652 3524
148 3767
2034 3560
448 610
1961 2948
750 2709
1904 4471
1502 2785
2613 4546
3257 3673
1572 4802
437 2760
1722 4005
3824 4535
3 96
1009 4911
2830 3309
1183 1342
1882 4402
1378 4379
2199 2248
2395 4428
1394 4370
1462 2398
81 2161
1636 4283
963 972
2115 4927
259 2550
760 827
1456 4336
31 2198
585 1200
297 551
3215 4682
1102 3575
1279 2258
2480 2887
26 3964
2360 3507
957 4860
2905 3470
1107 1993
434 3064
563 4187
687 4484
375 2582
2292 4528
352 367
2285 3922
983 4874
3380 4851
2424 2666
279 4918
1044 2282
1192 3422
3058 3377
4238 4460
137 4100
1907 1998
79 608
1250 2604
1513 3262
1282 2806
1753 3566
2040 4389
1462 2056
1588 4893
1629 4268
1230 4252
415 4950
826 2230
815 3706
1440 2034
1058 2330
693 1029
1423 1501
2279 3609
895 2549
197 4180
3667 3955
3548 3774
1713 4460
100 4362
2906 3793
847 2153
102 4317
1249 1694
1300 4116
1670 3516
2784 3158
979 4042
3052 4070
164 1124
225 3632
3721 4932
2050 4623
302 3730
2713 4666
3034 3583
2611 3702
655 3951
2562 3120
1011 1079
737 2341
164 1341
953 1638
1583 3067
3234 4447
1034 4295
2898 4367
231 4527
1473 3621
849 1152
4694 4695
14 582
672 2825
1268 1777
2821 4153
1809 2718
2432 3283
2802 3525
501 4271
266 1378
896 4711
942 4938
223 4147
131 1524
683 4685
1005 1929
1797 4323
387 1658
542 1645
1137 3064
1019 1793
211 1471
1876 3037
1250 2580
2006 3845
2092 2835
3774 4204
1531 3090
601 4208
2421 2934
2877 3041
2509 4185
1634 4809
2241 3864
1262 1824
1419 1846
4604 4832
2956 3565
779 3140
703 1495
977 1455
2020 3336
1277 4810
1056 2624
1512 1794
2128 4755
966 4467
3830 4658
1965 2795
3599 3902
1079 2659
83 3764
1131 4105
995 3982
2535 4107
1022 2113
2763 4981
379 2737
422 1155
2928 4010
1484 4600
165 287
3829 4336
1670 4899
125 1645
510 4731
53 1038
458 3710
3325 4567
1666 3085
1973 2547
799 3799
1421 4746
4055 4975
2993 3235
3416 3745
2147 4114
1566 2502
894 3520
798 1802
2941 3717
548 3465
3885 4026
1555 3663
1070 2112
138 2037
988 2098
3097 4670
2701 3093
644 4101
1195 4266
66 2326
581 3128
4648 4806
1040 1074
563 657
762 4520
1038 2872
3080 4746
911 2139
2648 3400
1234 2131
2255 3108
1231 2170
2513 4311
325 3760
940 970
377 874
1733 3352
3164 4241
3423 4865
3842 4224
1322 2542
3034 3077
834 1937
551 1236
720 3726
247 4295
1831 3364
1043 1644
3521 4853
960 3460
3203 3627
73 4497
4272 4654
3018 4988
1025 3342
1963 2367
1330 4788
3681 4633
2352 2717
1083 1225
4220 4840
3376 4167
433 4824
1556 4228
327 2303
1428 3234
354 1913
3975 4548
1255 3654
1652 3968
3959 4172
1784 3886
162 4857
2642 4250
1495 2236
1784 2296
991 4639
4251 4779
2359 2697
1619 4419
1015 1182
1725 4137
3471 4088
4702 4982
3118 4530
1622 3694
3802 4190
65 3935
455 2602
1475 1989
925 2508
185 3513
2650 4748
2145 4689
2955 4697
1163 4410
3814 4544
93 4530
1811 3000
1020 1482
3152 3452
258 4239
682 3436
2286 4743
660 668
2775 3060
698 4310
189 1687
3233 4054
1321 2365
628 3055
2766 4121
2130 4732
980 3831
166 3095
910 3389
2316 3848
3947 4770
1460 1817
427 1099
1285 3458
2881 3556
1640 4041
1398 1863
1195 1626
3394 4912
2159 2634
1113 1400
884 4769
289 3578
4073 4999
1068 3177
1553 2009
55 4552
1150 3165
902 3316
3136 4629
3286 3731
2952 4206
3048 4119
505 656
546 4091
2127 2590
25 1976
905 3001
585 2592
249 1879
3319 3430
1522 2764
1789 4537
75 340
4136 4905
3806 3980
2636 4237
1325 1609
495 2115
1823 3655
972 3383
1077 2503
2846 4445
4216 4630
14 2027
1885 4945
829 4350
969 4158
872 3282
575 3137
568 2166
808 836
1537 3705
1985 3348
789 3116
1800 3619
1926 3210
1767 4912
649 1071
3252 4660
946 4245
3022 3073
1762 3051
581 4047
2965 4117
2863 4874
2784 3494
3425 3750
2245 3876
2921 3375
1920 3225
3185 4606
554 4849
198 525
2213 2336
926 1656
2054 3177
207 3437
2237 2912
125 4404
3621 4088
3575 4998
2094 4687
1653 4090
3596 4207
1162 3610
1547 3967
290 3020
137 550
738 1779
1431 3366
1743 2378
1706 1840
546 1916
1087 2706
2454 4821
1088 3360
406 3243
1055 4315
192 4072
477 2560
3361 3880
136 3123
2423 3163
911 2751
2933 4581
636 4997
261 507
2435 4419
1445 2579
2131 3281
3130 3988
3827 4879
2443 2961
290 2410
2170 2821
446 3255
3194 4455
2159 4254
20 820
1095 2187
2576 4854
2451 2643
1350 3228
1989 4664
1889 3486
1482 4242
752 2839
522 3010
1381 2068
3620 4257
1664 1879
78 3620
230 2754
237 2467
2632 2946
2410 3135
40 2160
52 2387
94 1267
4624 4920
231 1930
2752 3023
3996 4585
2407 4426
1331 4423
3224 3362
2235 2345
1644 4667
1274 4473
1463 4703
62 985
2721 3613
973 3132
1124 1155
716 3836
561 4894
365 2865
2014 3611
2375 2453
1763 4907
2461 4298
1810 4992
2471 4740
1519 4305
4385 4444
3082 4561
2901 4134
317 2017
1997 3740
1837 3081
4219 4302
999 2798
1326 3418
3279 3607
863 2595
2842 4470
4706 4902
453 3470
2020 2222
370 1134
102 3849
1460 4420
2792 3633
559 744
2874 3886
1906 4446
718 3551
1446 3070
2285 3103
3613 3636
1488 3089
88 360
1253 4709
1399 4037
3396 3424
2150 3308
411 1877
620 1754
1714 2099
854 2797
3752 4150
3742 4966
977 3173
1959 4817
1821 2179
3712 4514
1094 1917
790 3329
2236 3719
1067 4306
938 3604
2439 3260
1529 4772
1699 4557
1679 4925
1535 4603
3088 3902
621 4943
4686 4961
241 2083
1468 1858
1403 4403
643 987
314 910
913 4726
1379 1768
202 2092
796 1037
712 4898
4578 4690
2663 4704
2393 4933
3623 3716
1756 4622
37 3066
472 655
3079 4364
2990 3631
1257 3274
2828 3535
1014 3724
3536 4705
2054 3170
1135 2184
975 4924
113 4220
3112 3815
1308 1931
291 340
1189 2983
4310 4316
4335 4850
709 1028
2036 4002
3507 4527
990 2154
276 3366
3133 3684
2140 3651
2106 4519
559 3697
2916 4037
666 3550
1050 1353
3653 4609
2215 4526
1932 3937
367 557
1765 3571
108 1678
3405 3936
956 2947
1943 4594
612 2031
902 1971
4669 4882
1217 1881
1418 1762
2298 3697
141 2991
543 2165
1054 3389
2908 3595
4070 4099
213 3387
3855 4432
116 4650
986 4585
4169 4823
92 2687
1982 2347
3739 4222
1573 3121
3042 3144
3403 3587
474 2903
2994 3500
3675 4753
579 2744
876 4478
2377 3002
2575 4254
1012 2581
937 2871
941 4424
2315 3529
2655 4100
4143 4760
2194 2531
1252 4261
814 3159
667 4614
1775 2811
3929 4703
979 3705
3386 4679
2428 4155
145 1168
435 1105
569 1454
2257 3787
1563 3222
3387 4777
445 2917
226 3347
418 1196
739 1247
3425 4279
124 1764
590 4319
975 3702
2708 4821
741 2319
816 3495
490 747
1765 4187
1190 1563
2220 4852
2695 3156
1837 2955
406 1136
1941 2798
3890 4178
1499 4651
3205 3991
3774 4928
449 1022
324 4198
804 1161
564 3998
624 1717
3914 4653
2631 3304
527 2173
1523 4864
2099 3720
2954 4441
473 761
1404 4173
3 4808
1729 4331
2297 2390
565 675
701 4991
780 2479
1103 3015
2469 3735
606 3136
1090 2699
973 3624
3310 3735
2101 4858
1138 3861
969 3451
267 4462
2594 4778
1689 4291
1004 4878
2043 4079
1346 1675
3661 4246
1734 3681
2384 4607
2684 4200
2922 3356
4061 4534
486 2610
3117 4468
436 4645
778 3710
3386 3878
2838 4330
1412 1826
741 1900
3246 4577
2544 3509
2416 3016
746 2614
577 3442
1711 4384
2758 4768
3556 4377
4044 4565
2362 3525
2298 3788
673 708
3894 4177
801 4624
349 3247
4324 4723
89 2401
81 4863
2247 3087
1865 3315
1600 4906
3428 4725
398 2992
532 4125
633 641
2805 4489
4113 4264
1291 2222
2229 3204
1078 4414
246 4710
24 3382
1278 3543
1337 4108
2164 2917
2877 4338
3468 4480
488 4775
1788 1835
3961 4968
914 3339
867 1021
282 3438
369 2949
677 4321
2707 3809
1230 3155
172 283
1558 3695
1707 2598
2846 3206
1852 3484
1029 2273
725 3714
1223 1754
542 4463
776 3805
2771 2904
2448 3289
1860 2850
1571 3750
2370 4395
1366 1747
1528 1892
2994 4397
1346 1498
2162 3183
3317 3643
1023 4597
296 1773
2496 3041
1076 2108
40 3479
1852 4579
2780 3851
123 1448
3599 4860
303 3145
237 318
85 3666
142 2697
2867 4355
1308 2849
1149 3059
497 1703
3044 4659
604 3511
32 3311
696 3631
976 2097
1390 4356
2032 4588
707 943
1903 4458
313 2639
3545 3900
2570 3912
5 2232
3974 4413
350 928
1018 2320
1515 1736
2045 4326
378 4135
2162 3776
1700 4231
358 4485
810 3505
780 4792
765 4556
520 3635
182 3660
600 1832
1497 1778
2361 2447
3792 4132
423 4114
2481 4144
3573 4296
39 3340
1976 4496
3078 4771
1293 1442
1014 3330
842 1381
2964 4655
2283 2457
2888 3191
1395 2000
1279 3910
1808 3408
1938 2607
1693 1841
77 3363
4776 4795
3383 4043
3369 4900
4645 4974
617 4493
1958 2076
2237 2335
346 3160
1643 4944
1868 3975
1949 2826
812 4027
835 1545
42 2186
3033 3255
702 3714
2487 3343
1125 2628
3878 4941
2794 4097
2344 2875
376 3569
3324 4683
2486 4515
1918 4696
2583 4213
552 2295
2327 4341
416 2542
3587 3946
1085 4970
4164 4268
3198 3418
1504 2915
480 3217
1209 4563
1382 3517
84 228
338 4844
4315 4545
1715 2122
3266 3357
1702 1799
1514 2750
1698 2809
389 4454
3676 3896
359 4609
2503 4371
189 4859
364 3970
1434 3021
3879 4899
848 3848
1333 3649
1145 2232
3131 3436
3021 4933
2293 2340
3687 4080
523 800
404 4540
1759 4793
597 1102
3916 4009
3483 4132
1504 2305
161 3261
3294 4454
299 2360
9 1582
284 392
3161 3940
452 2311
874 1382
1204 4730
2722 4656
2977 3098
71 4839
4311 4409
4 3583
1995 3698
1069 2121
1356 1618
2030 3938
1042 1212
3444 3644
1327 4571
648 2312
2694 4404
103 1485
2081 3133
3789 4849
227 2650
1347 3278
2662 4456
1411 3214
637 1384
1248 3715
982 4644
208 2618
2688 2844
1888 4053
2478 3746
4984 4994
3063 3830
3149 3759
1066 1974
116 1844
3057 4721
3253 4737
572 4671
280 3761
415 4243
2158 3565
2589 4613
45 1615
2218 3012
1678 2491
1735 4320
2226 3859
1062 4030
2951 3786
883 1162
1001 4429
1129 1554
2145 3562
2646 2704
2516 3977
356 2855
1313 1538
1239 4011
4111 4943
3216 3337
689 4277
3099 3731
1413 4953
466 3440
1380 2620
3955 4870
2468 3147
857 1584
2378 2935
532 3876
576 3723
1085 2111
2924 3248
535 1351
2545 3695
3540 4777
1812 2962
1551 3362
1613 3228
493 2051
4183 4665
329 3058
409 1305
1337 2727
121 692
3201 3983
660 1957
917 3103
2729 2919
207 3485
662 3683
3883 4511
2216 4979
735 3800
3961 3987
2501 3960
1908 2035
2061 2574
12 2520
866 3479
3503 4861
2465 2604
2379 3476
3036 3107
2871 3777
2756 3025
1591 4498
2090 2888
3835 4004
234 4391
4801 4950
1179 4690
2975 3958
1415 3122
115 732
1467 1552
2032 2775
1164 1577
3013 4418
3940 4422
754 851
931 3606
1726 1730
1362 4607
2823 2976
1819 2710
589 2101
1869 4211
692 3821
763 1847
144 2071
3354 3392
3534 4036
1907 2354
541 3022
341 2184
2833 3288
2475 3347
4477 4816
2780 4588
2630 2807
1343 2914
2256 4118
2761 2985
285 4709
1178 4958
2796 4568
2239 3568
2058 3820
2259 4516
307 4402
1864 2679
444 1319
793 4438
3646 4280
2532 2815
3952 4842
1686 4903
163 2473
4109 4728
301 2123
1835 2957
2608 3786
2928 3594
2148 4254
309 2607
1407 4963
146 4991
3025 3508
333 1037
3773 4067
3032 3858
580 1282
695 2523
2157 2891
174 2049
3600 4945
685 2347
1480 3530
1927 3459
935 2154
1803 3323
1722 4573
3229 4424
3307 4782
2684 3462
2881 3846
255 743
1391 3945
3769 4248
2238 4393
2321 4841
625 1486
993 4574
4034 4498
465 3863
250 3377
1206 4171
411 2169
2398 4205
2390 2985
3570 4691
1063 3046
927 1222
2861 4244
149 756
1404 3765
436 4752
1365 4170
4000 4987
64 1540
393 1203
3050 3110
261 640
348 2175
1661 3148
1539 1996
3068 4598
3360 3663
2002 2509
2445 3381
2296 2939
2622 3757
19 3971
1420 4929
1901 3732
787 4642
418 2275
544 1059
826 1695
3999 4643
2245 2389
432 4729
1275 2683
2136 3948
4113 4383
2498 4071
565 1921
27 4560
2617 3783
1303 3964
271 324
3875 4970
2081 3279
1483 2866
317 2505
148 3980
788 3736
1967 2428
716 2399
4303 4885
1950 5000
1853 2190
496 2188
1737 3076
4619 4891
602 4698
729 4008
1676 3045
1182 2475
616 1571
1142 3711
1790 2005
3554 4881
3608 4049
152 4126
434 3134
1917 3841
4001 4686
1235 4742
3066 3986
846 1485
2008 4827
880 2925
2842 4453
93 1296
2100 3461
779 2024
2308 4847
913 4368
2979 3919
292 3998
934 2610
2773 4515
1072 2938
2301 2790
1228 3404
712 4016
260 3053
68 1323
2902 4022
4048 4804
389 2007
132 2499
686 3879
3030 3683
1864 4300
2325 3429
2909 3680
2669 2918
4365 4581
4225 4663
307 1245
1698 2817
1946 4918
2814 4068
462 1891
3545 4596
1532 4413
1347 1642
2720 4973
135 1672
1774 3873
529 4675
298 3653
2058 2282
13 241
314 3807
146 2861
2803 4466
533 4155
3555 3973
1910 2677
4182 4916
1850 2856
965 2799
1851 2118
33 1251
111 310
351 2964
1027 3699
460 3388
1011 2130
394 1098
1642 2576
2143 4924
887 3560
1576 4967
1174 1832
1731 3259
518 678
451 4060
1000 2839
1160 1680
1527 3320
619 1531
796 1159
1588 2621
639 4914
821 2444
1977 4049
2552 4102
347 907
2743 3415
1284 3924
3806 4972
1771 4893
2144 2149
163 321
1044 1440
264 1871
838 2365
67 4074
2858 3782
2192 3332
1609 4219
881 3931
3079 4229
583 1070
2738 3226
1449 3466
1721 2585
3464 4252
278 3319
2525 4983
827 3989
1468 3882
1736 4751
4188 4823
492 1589
1454 3576
4024 4107
215 4063
3160 3688
396 2754
1283 2969
1569 2206
1317 3596
1394 4434
574 1123
1046 3223
886 2306
1954 3033
395 416
1550 4285
3424 4050
1484 1899
3057 4501
2386 3995
3113 3271
945 2592
726 4806
337 2984
1001 1311
2446 4297
990 1875
1931 2059
2463 4774
256 310
221 4800
912 3507
1373 3391
2847 3209
1692 4677
2512 3145
298 1506
1437 2892
765 4919
2747 4761
2843 4038
974 4640
2146 3353
994 1285
1891 4127
3810 4693
1450 4317
1688 3687
3140 4681
471 2479
4318 4445
2107 4081
161 2985
2555 2841
1859 2625
2533 4385
873 2046
1132 3416
1078 2578
1992 2921
401 3068
4064 4159
1944 3972
1972 4186
97 2435
4458 4813
882 2860
4877 4916
1980 2166
3179 3401
2067 2134
1620 3576
2019 3808
3330 3715
733 2647
3102 4518
2153 3625
1608 4061
1086 1585
822 4583
365 2869
2135 2953
1578 2355
952 3634
1408 3627
47 4720
2258 4064
323 3116
1363 1439
2339 4420
3797 4457
109 3589
3406 4923
1002 3577
2254 4106
1934 3004
2228 4158
524 3230
3891 4174
334 3691
2029 3873
2085 2350
1517 4358
222 2129
569 4470
255 4048
691 4472
2853 4145
3462 4499
120 1294
4660 4875
3601 3969
2444 4157
1010 1135
2496 3256
1625 2675
3692 3839
2438 2511
3292 4977
573 4529
2777 4688
2696 4066
2629 3813
2615 3843
3028 3607
1132 4561
2537 4083
1420 3553
2188 3586
2314 3114
1101 3261
3428 4971
286 2699
1266 2682
1117 4376
1541 2053
180 4633
2608 2890
607 3585
721 1579
464 593
2041 2986
412 2537
2155 4711
4227 4593
2313 4352
486 853
40 1818
3220 3647
2891 3978
1294 3180
2197 4369
2391 3665
1676 1780
1326 1777
690 1237
1280 1942
208 4871
2519 2974
1319 4542
3019 3519
72 4459
2022 4043
1975 3646
4495 4522
336 4921
1564 4243
4000 4374
1582 2530
576 4542
1435 3857
1964 4826
654 2615
1633 4453
587 4727
1006 3463
204 2114
508 4535
3661 4799
3186 3638
516 4327
4023 4050
4106 4426
85 2623
4518 4756
1544 2792
2954 4065
1170 3569
2060 2686
3610 4962
2395 4721
1534 2164
124 1469
1365 4774
2665 3658
1872 1909
627 2998
2021 2777
3146 4632
1271 4191
195 606
2656 4845
3151 4411
2182 3701
2001 4915
2275 2355
1301 4191
811 1317
4058 4923
774 2132
1791 3271
260 766
850 4889
571 2997
1139 1586
1157 4791
1187 1772
273 4136
368 2043
1355 4917
503 4974
1060 2647
1295 3242
2018 2047
773 2828
125 4220
297 1621
1005 4405
2116 3648
901 3195
2435 4059
3359 4891
4085 4141
2436 4662
784 3004
1053 1427
2434 2901
3321 4902
3995 4701
639 2408
2477 4960
347 1651
788 1262
2418 2545
742 2126
43 824
1219 4363
3598 4372
305 1788
2077 4880
3579 4012
1290 1476
968 4762
4441 4792
1831 3976
1173 3390
1241 4181
3532 4009
2286 4770
648 785
216 1238
2668 4057
215 880
3128 4719
2484 3062
3860 4031
1007 1505
1854 4684
1338 3798
566 1592
2945 3990
4247 4720
2144 3353
2941 3174
229 4988
764 3102
446 2070
1790 3463
1500 4897
579 2156
2662 4791
1996 4738
104 1490
2227 2899
992 2770
15 4626
1087 1570
391 2724
1770 3252
1021 1933
871 3468
1260 3067
805 3192
665 3937
468 3794
1090 2357
1622 3819
2012 2785
33 3789
2766 3132
2791 4462
1509 4643
254 4085
372 2438
868 4878
2119 2194
1015 4194
1039 3894
1281 2906
373 628
356 2916
3038 4006
1614 2009
2920 3335
1183 4519
1325 3327
1089 1426
316 2926
3156 4431
920 4025
727 4910
2553 3571
1716 3859
757 1983
420 1599
3298 4074
2971 3316
517 2700
3643 3966
558 2760
1239 2832
1803 4778
58 4975
2704 3295
1796 2466
795 4671
3314 4055
1349 3412
1062 3065
1506 4448
100 4537
3110 4057
2140 3146
2011 3024
2141 3656
775 2249
2634 4525
2973 3358
2455 3036
1715 4084
274 3862
881 2228
614 2887
3733 3929
2380 4449
2390 4615
3173 3717
637 3056
909 1452
447 3981
839 4421
2787 3430
1966 3943
99 152
227 653
1198 4117
3487 4287
3440 3483
1532 4059
540 3700
2565 2924
1376 1465
3723 4565
478 1397
690 3471
4491 4689
567 3654
2845 3225
562 3419
1010 3794
110 2223
1631 2053
1344 1542
471 1065
288 1720
2982 3063
257 2739
906 2451
3182 4488
1017 4212
3917 3987
2243 4054
1388 2990
10 2328
2191 4611
1287 4494
2612 2910
2005 4501
3916 4160
1382 2146
1130 4130
611 3942
1858 1915
3237 3874
1512 3887
1949 2409
1734 1925
954 4541
2737 4901
2341 3551
2655 3538
170 1361
824 4554
1030 1865
3309 3310
3616 4734
2003 2905
3275 4919
3820 4865
1100 1128
190 4735
1959 2358
273 2593
2177 3719
3061 4015
3838 4096
3375 3660
1656 3692
2456 3928
3497 4661
879 3290
994 3293
414 1660
865 3325
3893 4056
534 2044
3190 4110
2445 2640
2635 4915
1086 3512
3086 4595
3168 3515
2525 3300
1893 2271
2693 4133
2852 4999
1107 4681
635 2523
2876 4281
4022 4838
2435 3412
1297 2180
1614 2640
1355 2105
513 3960
1101 3678
2886 4406
919 3892
27 644
2379 3164
1600 3401
2808 4534
959 2578
377 618
98 4597
512 1143
1633 3031
1887 4366
2506 4304
2554 3061
1380 3523
467 3574
425 3802
1498 4308
586 2872
2026 3951
3504 4574
301 3299
1634 3763
1969 2814
442 2702
402 4353
2227 4226
3558 3925
1436 4270
263 745
2660 4964
1968 3808
3017 4504
1745 3612
652 3617
1951 4870
1556 2075
878 1018
877 3801
767 2042
2910 3371
1873 3836
1303 4995
1840 4621
381 3378
92 3559
699 2392
2332 3665
134 951
1329 3301
1932 3477
150 4997
1986 2139
948 1098
242 1240
1894 2661
3123 3767
2841 2980
4120 4435
1385 3685
474 951
246 2121
3106 3341
2361 2769
2246 3744
3491 4345
1974 4184
451 2979
2820 3703
936 2734
2628 3074
506 1115
491 2602
2176 2995
1668 4062
4649 4998
1681 2363
1449 2636
1965 2337
1764 1914
300 1426
2884 4968
2239 4558
3500 4782
2155 3696
321 1871
2165 3809
2978 3622
1669 4767
998 3994
3484 3788
463 3087
3326 3833
845 4241
2895 4121
1019 3112
1603 3429
429 2963
2971 4291
611 2025
3838 4844
251 4407
3905 4003
402 1454
805 1987
86 1569
531 4864
506 1853
892 903
1231 3982
3016 4634
262 3616
536 3506
1631 3626
2 1331
3162 3498
4635 4729
1071 3870
687 4014
1012 2200
2331 3679
611 1931
153 558
77 1457
343 4095
1108 3166
3291 3476
554 887
1119 4873
715 4575
2216 4340
2420 3814
928 2226
437 1663
2430 2857
475 2261
2629 4334
1243 1410
1813 4694
1174 2326
3743 4076
1433 4837
308 2072
1960 2747
363 1945
151 4481
2477 3920
113 4358
4469 4926
58 2581
1663 1973
562 2219
259 1575
1540 2885
533 1360
1181 1842
3094 4965
2132 3685
1521 1795
3382 4128
483 1320
252 1131
3324 3871
131 2345
2950 4536
3747 4610
2848 4040
3947 4390
1116 1868
1179 4738
685 3420
1851 2389
4737 4794
1236 3369
3043 3867
82 388
1143 4920
1822 2677
1467 4020
3921 4834
1553 2942
1140 2373
1354 2753
183 2112
2399 3800
1410 1536
3270 4647
474 3148
1253 2349
1109 3268
1409 3703
3232 4236
4270 4401
1629 2151
4046 4259
493 589
1568 2519
613 916
3890 4769
1434 1539
4015 4098
320 2854
3807 4090
2692 3818
1928 3641
178 4531
4135 4620
1923 3244
957 4780
556 2791
3442 4052
2856 3985
843 4855
2520 3926
2619 2815
803 1970
2880 4238
4600 4724
1424 2960
2179 2219
634 3363
236 981
1318 2596
1477 4149
1492 4156
2060 4120
485 4296
590 1390
3126 3475
2598 3248
753 3897
1144 4708
2208 3218
561 1529
1218 1301
440 3803
1227 2603
388 988
1785 3265
1627 4131
3488 4167
513 1158
783 2317
1224 3649
2109 4638
1621 4206
392 4913
3694 4928
201 3254
1727 1782
24 4093
2275 3597
1100 4739
3664 3729
2616 4928
22 878
2217 2949
439 3918
1169 4810
978 3835
937 3845
1595 3176
281 609
2306 3539
1470 3600
966 3150
371 2783
2026 3580
2868 4546
2223 2706
1114 1921
193 3336
1823 4670
1353 4856
3723 3786
1276 3153
4479 4630
1683 4969
2641 2966
487 1217
357 3826
3562 3668
91 263
3035 4855
3579 4944
1740 2759
1742 4142
2348 3109
3655 3718
4036 4235
1358 1967
797 1623
1120 1738
2150 4288
3903 4185
612 3157
297 4351
2894 2984
3235 3742
1054 1478
1428 4948
745 1334
986 1351
1016 4819
1585 2782
512 1665
735 1541
1509 4575
3073 4285
2178 3437
1444 2575
1707 4387
2644 4598
1147 4256
72 4400
2516 4309
596 825
2694 3915
511 3770
3376 3811
170 1646
858 3716
605 3189
2344 3147
892 984
1206 1978
39 2143
2517 4196
730 3405
3921 4617
2922 4550
1215 4125
3781 3793
2417 3645
625 1265
128 4880
2866 2903
1194 3340
1842 2897
267 3214
2528 2930
4625 4939
1036 4363
342 465
962 1804
1453 1836
3936 4290
4362 4938
485 2591
28 358
42 1606
670 4566
2210 4592
1870 4360
1389 4757
2411 4779
891 1814
455 1948
224 4640
224 2330
2600 3812
1270 3344
771 2382
903 2580
3443 4843
2419 3597
825 1867
1584 3455
1705 3637
1591 4012
71 2514
2593 3856
3997 4562
1508 3278
1674 3591
2548 2776
1427 2895
1545 2889
1133 2482
1911 2271
515 4030
1198 1829
3026 3823
41 283
278 1580
4830 4935
1433 2757
609 4745
1455 2211
395 454
3503 3969
3002 3869
3142 4696
1775 2266
1640 1655
1912 3907
235 3696
3307 4041
3496 3678
110 793
1827 4436
344 3966
731 2388
219 3138
3197 4423
3653 4287
1988 4668
1244 4750
1214 1826
600 1898
2126 2851
1601 2353
2744 3897
2104 2804
2318 3039
2420 3898
3092 4376
932 3804
4151 4659
1924 4861
1084 1544
1749 4614
2854 4399
66 623
2267 4046
2703 4757
370 1757
1256 4079
1576 4251
3536 4745
380 1694
2567 4559
1 2096
1534 2522
1787 4115
2746 3395
2728 3992
2676 3075
2261 4637
2478 3055
1947 3381
2659 3438
1073 3923
2137 2539
3554 4381
457 2429
1962 3221
694 1222
61 2346
629 3450
1138 3095
1431 4165
1825 4040
139 1972
4 2231
2939 3996
3151 4382
238 4725
1551 4075
3590 4626
2484 3803
3407 4658
2679 3314
1082 2057
632 3768
2013 2080
2882 3547
1625 1897
383 762
816 4434
2091 3628
2425 4023
64 1583
833 4908
3101 3334
3118 3903
2147 2195
2268 3322
1647 4882
1854 3085
568 2388
1416 4514
2364 4353
3447 4122
2616 4034
4364 4573
291 2174
2454 3181
1701 2172
4512 4799
2189 2870
863 3051
907 2702
4563 4949
578 1928
1780 2382
516 1888
2093 3618
535 4240
239 2212
2638 3847
1493 3397
3075 3795
3256 3754
334 3211
191 3368
56 4010
2940 3872
3796 4494
4084 4805
3170 4772
1451 1555
422 3277
109 3582
3125 4752
2007 4529
566 3711
1425 1518
20 860
1221 3301
770 1839
3393 4481
327 2368
3039 3861
4262 4312
649 1662
1184 4051
383 1387
1599 3784
802 2417
1336 1486
854 2595
50 1458
2142 2999
758 3537
940 4961
1028 4238
2287 4760
1146 4387
2098 4348
3588 3930
1110 1983
4592 4851
219 1615
2824 3037
349 3884
4396 4398
3281 3526
126 1632
294 4523
1577 2392
4086 4572
2812 4483
4396 4428
952 4939
171 4892
21 2190
587 4031
1919 4218
1052 4151
477 4452
3949 4726
2686 3267
2716 3785
384 1312
1193 2962
4551 4985
3645 3997
1597 3865
642 1312
2095 2220
2501 2981
2117 4733
710 3778
2726 3954
1141 2969
923 1766
2088 4520
2864 2989
1227 3042
2452 4211
549 2899
188 4685
2802 4569
1750 2765
2517 4641
4179 4897
4451 4558
2416 4756
2538 2575
2646 2865
397 4293
2768 4985
2505 2708
700 2276
438 2875
3805 4668
2731 3866
3189 3857
386 1004
49 4047
1201 4677
3628 4289
2158 3745
1849 4775
3312 4394
1649 4427
2527 4930
1667 3273
115 3906
2074 2622
598 2418
1459 3018
119 4076
1869 4781
3498 4594
80 4996
552 1292
112 203
958 1638
830 2284
447 2998
3399 4842
1995 4160
873 4163
837 844
760 3105
2124 2160
405 1376
57 3021
478 2771
2470 4629
1637 4322
2065 2645
253 1693
4876 4983
2462 3109
343 3082
2827 4162
1407 4908
1146 3121
62 4814
2174 4749
3605 4217
1523 1800
1725 4448
322 3541
3217 3841
1511 3199
2447 4678
1395 2255
1543 3444
2811 3213
1651 1713
1985 4580
464 3158
992 4947
663 1867
496 616
2750 3007
2028 2946
1781 4388
2680 3172
2004 4714
2078 4545
2363 3954
1626 3276
1635 1923
1205 2214
412 2770
963 985
2351 2482
3572 3682
1399 2279
3265 3374
1760 3888
1064 1650
1723 3243
4227 4833
1449 3153
1604 2387
7 3629
2768 3065
2611 4019
697 4508
412 4908
244 3634
1752 4374
2295 3737
305 4969
3948 4749
945 1348
413 448
7 2354
2682 4183
1943 3298
2072 4811
3174 4475
885 2832
2666 3553
759 2778
3323 4330
1592 2230
784 4130
724 1181
817 1514
2424 3981
2040 2609
1596 1658
36 2397
1901 2651
107 2626
2721 2915
2700 4641
476 2862
1171 3027
2450 3505
1768 3096
847 1047
3656 3713
3050 4688
3488 4488
679 3743
769 1819
4089 4384
987 4493
473 2281
1705 4730
4195 4957
142 2500
1798 3863
1491 4401
4133 4278
2381 3943
3647 3853
172 4946
1488 1521
2304 3367
1408 4646
2869 4490
1328 3183
160 1233
3010 4751
1277 1947
67 4011
1825 4942
304 1197
355 1809
1504 4623
4406 4547
287 4992
1728 3704
250 4989
2880 4082
1697 4791
613 2825
1122 1970
1310 1368
2351 4249
3064 3774
2972 3311
664 4980
4666 4926
3264 3763
487 1550
3020 4122
1805 4953
74 1443
2225 4129
754 3978
226 2041
1176 1261
69 1412
2826 3182
833 3783
2810 3686
2644 4284
443 2105
1981 3268
1057 2685
454 2627
3328 4171
3150 4236
325 4253
1882 4934
1304 2600
190 2386
2323 2371
2533 3734
2753 2930
3580 3877
760 1968
1944 3667
168 1933
4504 4909
918 4691
705 933
1040 3464
2106 4618
3749 4374
270 3581
475 1719
3284 4196
460 4639
511 3756
299 4246
2681 2707
659 4097
2772 4017
244 4461
3370 4758
1614 4486
686 1324
1520 2973
467 1163
2415 4197
1961 3120
2169 2376
70 1902
3847 4981
855 2442
4053 4576
1027 1885
3237 4382
1769 4599
1474 4175
748 1935
3909 4365
4379 4715
2980 4888
2487 4491
1383 4214
2024 3929
650 2759
16 4736
17 1097
490 4177
527 1818
715 3129
3984 4510
693 4815
2300 4798
958 3142
3593 4316
1530 3138
837 2486
1229 3557
3605 4836
108 1912
453 2859
407 3017
1370 2541
2485 3257
167 772
2695 4881
1149 2906
869 1690
3014 4247
1218 2818
3273 4959
782 1628
787 2783
264 1697
1361 4753
2244 2552
794 3686
3552 4412
3044 3275
2834 4007
2492 3911
2908 4610
519 2473
1436 1590
3539 4543
1441 4847
225 889
462 4148
605 3906
2481 4226
3976 4261
186 989
2689 3272
1350 4223
2234 2867
144 859
265 2498
1048 2572
3832 4149
835 3478
935 2372
536 4232
3327 4476
3544 3896
135 1747
4680 4817
688 728
2016 3561
2175 4489
1986 4027
1580 4215
1374 3632
1991 3759
856 1035
2909 4539
2544 2724
450 3710
2514 3766
382 1061
3888 4524
1636 4710
2030 3728
4644 4798
1607 2703
1470 2534
1896 3837
1613 1898
2745 4465
1272 1691
2412 3740
155 4181
4224 4785
199 4568
2022 2426
4744 4822
81 1951
4288 4773
2308 2746
842 4294
2316 4795
480 813
277 2036
3049 4392
2685 4555
631 4673
3179 4055
642 4628
286 2529
1305 1473
1257 4101
3009 3625
484 3746
651 3974
2038 2805
1872 3734
3203 3662
1782 3390
384 3400
1400 3137
2213 3379
3748 4316
91 3563
445 4293
3269 4753
193 2485
16 1601
1387 2586
2357 3590
2324 2507
595 3372
697 1307
1855 2834
196 1761
2082 4235
3239 3303
723 1309
774 1475
3208 3843
2572 4516
584 1530
284 1712
1595 3533
592 1881
1548 2745
4123 4276
167 3048
1159 1815
742 4807
2063 2453
3950 4342
1810 1955
1574 3622
1375 1409
2488 4399
1729 3927
3003 4409
188 4052
1430 3415
254 2069
1528 3143
18 2013
1212 3925
1562 3098
357 777
4733 4848
743 1739
330 864
747 2654
1293 1940
3830 4444
1320 4199
1121 3826
1915 4176
1165 4032
1560 3519
430 4306
1329 4314
3239 3461
2069 2135
2239 4323
829 2837
2367 3119
1048 4507
470 675
89 3706
2172 2500
2441 4263
52 1557
3208 4042
212 3171
832 4474
569 4412
2014 3262
2559 4369
1820 3899
2289 3506
2250 3315
1567 2968
2049 4347
619 2569
4381 4669
459 915
931 4582
886 2765
3193 4773
1552 3100
671 3334
234 3630
4210 4676
1742 4437
3456 3877
3253 3591
500 3293
433 1761
315 2566
1258 2763
3439 3568
154 3398
2676 3514
906 2701
30 3288
1880 2653
1186 4595
1922 4115
699 3712
507 1064
2240 3011
3720 3796
3817 4941
220 1058
2006 4331
1106 1371
1106 1497
2944 4896
3487 4632
364 4883
1744 2743
1704 2715
695 3385
428 3492
580 2307
366 2603
1386 1417
23 1435
1997 4192
840 3393
1604 4744
2290 4672
1610 4762
1091 2658
4322 4606
1369 3475
2263 3373
1023 2278
1444 3099
419 2746
428 2870
60 236
88 841
1334 2601
1149 3219
48 2772
1502 4260
1089 4305
1422 3259
2045 4343
570 4089
1966 2801
3169 3901
645 1041
311 2432
101 3162
4487 4936
1738 2314
158 3999
1109 2590
2307 4225
2257 2413
4368 4378
1316 3119
1026 4375
2015 3651
2448 2557
1538 4078
65 3617
750 2414
591 3292
430 4718
2889 4351
1942 4094
1185 2312
1960 3935
1237 4549
1677 2672
3135 4184
4172 4223
1758 2796
335 355
510 3046
786 2660
276 2027
967 4436
1250 1635
2588 4490
3007 4446
676 4820
653 3522
1971 3185
328 2829
1118 4951
156 2651
3285 4389
2568 4272
4075 4584
1652 2253
3768 3825
1061 3448
3758 4318
3220 3466
3677 4788
2111 4266
1643 4418
1732 2459
634 2698
622 4587
1795 2720
1459 3231
3563 4442
868 1757
75 3211
1463 2564
4021 4338
1884 3629
1533 1737
421 1718
270 588
329 545
729 2819
746 4521
426 1954
672 3773
607 4341
235 2066
3917 4512
3184 3226
122 3199
413 3409
734 2788
2201 3093
643 4591
2353 3318
2238 2850
240 3059
2781 4138
247 540
1975 3854
1423 3009
31 3409
662 3849
29 3765
2400 3269
2664 2996
1133 1479
636 4484
3449 4602
1648 3966
1466 1759
1340 4717
2718 3141
2356 4602
96 3514
293 4045
1873 3630
4019 4962
4060 4259
450 3439
3853 4360
2383 2882
1748 4319
417 2460
1263 3333
978 4883
2943 4400
3223 4359
2554 4450
577 1639
443 4818
80 104
2582 3285
3432 3962
1076 4391
1096 4234
1370 3264
3771 4903
127 1441
2674 4936
240 4713
3984 4416
763 3502
1998 4006
1234 4625
2265 3953
1756 1822
1859 2274
3426 4298
268 3837
2571 2996
2988 4321
1654 3451
323 4457
1199 3378
806 2977
3908 4280
713 800
942 2553
2449 4349
1743 4032
678 4139
1211 1884
1045 3642
1324 2299
936 2102
501 2790
1328 2297
946 2838
1457 3775
1120 4346
303 4459
3513 3535
1573 2209
3070 4963
1075 3828
3517 4233
4813 4937
705 4906
2276 3000
1890 3993
2965 3518
2793 3834
1597 4914
2907 3828
1628 2830
1173 3187
949 4789
3218 4989
333 3833
198 904
900 2209
2574 2906
1816 4739
2329 3003
2987 3163
582 1565
1117 1369
59 3912
4112 4584
2196 2440
2474 3915
822 1704
1649 1655
1561 3169
3707 4895
1322 3249
34 2471
69 4787
1939 2820
2094 2521
1309 4922
3246 3436
2038 2412
38 1335
3346 4807
1487 2645
4398 4627
1744 2349
249 3734
1167 4551
1804 3351
3527 3907
2059 2786
3414 4386
1318 4986
2883 4096
2670 3548
2422 4804
463 4443
2197 4422
960 4333
1191 4603
49 1225
861 5000
1786 2084
1226 2196
786 4812
744 1127
2619 3216
1125 4347
1828 4826
578 2251
1785 1877
2394 2667
114 1438
425 1200
1554 4549
3454 3887
2918 3693
4431 4588
2127 2822
1272 1465
1507 3157
844 4973
3453 3797
2086 3922
203 1856
4455 4759
1386 4794
3100 4803
2461 2618
3601 4324
514 4822
2402 2404
177 319
870 4890
1816 3195
541 1035
272 2449
1367 4350
1352 2348
2728 3511
1066 3200
2963 4013
1345 3321
2937 4517
1936 4287
781 4526
3179 4593
2919 4765
4014 4483
2320 4828
4071 4281
1660 3221
3640 4168
489 1055
398 1741
1515 4815
2311 4825
4612 4803
322 1575
658 2334
1807 2001
1314 4056
3165 4654
2691 2693
483 814
230 4051
1242 1598
711 3224
3824 4430
1229 1445
417 2636
791 4830
2415 3777
4532 4971
1677 4862
1147 2663
63 2180
1191 1220
2570 2732
1953 2767
560 4327
2627 4001
1872 2215
2369 4990
4186 4917
302 1111
1188 1415
3443 3624
1657 2835
1500 3406
2573 4332
3766 4929
1389 3088
401 2362
3019 3496
2002 2822
106 179
884 930
87 2431
1232 2599
1339 4371
757 2813
1088 3991
517 4262
1002 4528
1950 4838
151 2890
959 2368
95 2242
2515 4269
889 1401
1170 4579
353 4692
3155 4203
1446 3611
378 3509
2338 3421
737 1443
2981 3291
2914 4386
158 853
671 4105
54 2270
2724 3383
3480 4308
2692 4002
346 4619
1796 2923
330 2293
2039 3139
1233 4786
494 2465
1003 1116
1594 2375
2163 2266
2467 3197
1801 3143
1291 2967
708 4004
2384 4282
275 4816
1194 2214
1849 1945
2171 3348
976 3755
426 2873
3671 4451
192 701
169 1299
217 4152
4485 4885
199 2138
1169 1424
1352 2381
1767 3640
1685 1962
700 1082
2623 3132
394 2406
597 629
1221 4471
862 3913
2152 2567
1374 3900
26 3372
674 1306
372 1786
647 1359
1602 3931
2624 3834
1187 2862
1661 2439
1208 4054
344 4005
1834 3637
2137 3598
703 4886
1524 2956
953 1833
2959 3724
3028 4466
2587 4154
101 545
1396 2303
181 2277
187 3874
2528 3260
1695 2083
3813 3952
2068 4029
1367 3965
331 1254
1870 4900
1616 3370
900 3612
595 4320
221 3038
537 4274
1017 3019
3557 3730
1385 2950
4342 4931
2976 3764
696 767
1339 4193
3096 3701
1969 4182
3337 3615
1258 2055
306 956
3287 4684
2287 2558
3104 3899
456 1145
630 3891
4197 4846
3527 4395
117 4326
3472 3752
63 3186
604 4790
2182 4768
1630 2840
3524 4955
348 1097
28 1496
557 1299
3371 4959
2476 3427
3180 4907
509 2931
3210 3748
1963 2800
403 878
424 2440
2974 3664
1549 4146
1896 4033
2299 3532
823 3364
3755 4189
229 2004
2136 3054
1821 4166
1938 4716
1276 1991
1358 1432
3689 4884
216 269
3567 4429
2149 4148
2911 3412
651 3091
1438 2294
157 2260
2779 4077
328 1559
140 4257
1203 3546
2109 4230
1057 4947
2304 4180
1755 3737
3567 4359
191 766
2065 2970
2789 4092
1270 1383
552 1575
3946 4289
2806 4921
2739 4263
1275 2309
1641 4580
424 3985
4392 4957
149 3689
809 4104
2082 3842
1474 4566
251 1359
736 1057
1161 1979
3933 4618
1031 2430
924 1778
3418 3799
342 974
638 2234
3023 3071
1813 3012
791 2370
2089 3690
2577 4871
665 2396
232 999
1201 1708
105 3250
2025 4478
2138 4482
1210 1679
245 3726
1887 3172
2494 4754
817 3522
539 941
2423 4808
875 2840
411 1940
684 4447
504 4217
1177 3283
2782 4058
2656 3844
1356 4758
2652 4829
1448 3485
1480 2476
37 1418
1993 2185
2606 4742
341 2100
3125 4550
3011 4095
118 4913
24 4543
2422 4378
60 4547
1937 2823
53 1427
1421 4142
3097 3932
2075 4016
689 3313
2923 4039
3446 3791
1994 2374
1572 3254
1026 2967
274 3865
2405 4013
2932 3124
1828 3823
1166 3573
898 1411
1700 4290
1226 1706
157 2366
1368 4935
1753 4700
1144 4877
828 2377
1920 3657
2924 4556
3546 4380
2927 3491
82 2125
3171 3512
2102 2270
1373 4840
2588 3245
25 2464
2813 4407
1507 3222
2067 3144
1862 2696
3374 3956
1662 2549
1112 1172
1773 1894
2464 4474
461 2178
1755 2601
376 492
1469 2559
2167 3263
1008 2769
3054 4814
2288 3911
2504 4307
1683 3938
2804 3060
2052 4564
2538 3722
828 1735
3670 4255
1188 2883
3963 4591
630 4560
1223 4616
1372 3721
1752 2460
4126 4702
1208 4146
2242 3895
2555 3441
279 2291
4349 4408
656 1315
205 3674
2612 4586
603 2462
2546 2723
3594 4390
2560 4440
2342 2409
4067 4205
403 3738
736 2456
2774 4255
2211 2483
3481 4663
2337 2868
947 3101
1118 4940
818 2831
1927 4174
326 2250
1866 2705
2756 3111
2717 3474
795 808
2596 2673
932 1031
748 3489
3457 4612
147 1499
872 3676
3713 4523
4328 4627
3373 4208
2364 3741
2122 3124
4273 4728
704 3432
861 3957
1345 3785
3988 4250
2151 4201
3284 4339
449 2894
2522 4719
811 3365
94 2639
106 3528
3881 4179
361 1827
371 1952
2513 4699
2400 2799
520 2055
1791 1948
3107 4313
857 4440
528 1213
897 2015
2224 3045
1053 4296
484 1003
680 4538
358 2715
2280 3207
1684 4277
775 2550
1405 4898
2393 2495
1166 3589
1307 2735
2235 4800
1059 1667
2816 4435
2511 2818
280 3760
427 1878
2168 2318
1797 4783
1833 4430
849 1537
2938 4801
285 895
256 4162
1220 4201
2466 3450
2432 3852
1452 2023
4025 4555
1487 4473
2446 3910
1073 2586
4650 4886
1246 1918
282 2202
3411 3504
2671 3026
1447 3417
1807 2133
547 4850
944 3924
2086 2848
1245 3675
772 4811
1327 1712
3913 4954
206 233
3130 4154
1264 1343
2951 2952
1156 3738
76 4092
3196 3388
103 2722
635 3427
1594 2061
3533 4020
429 2148
1627 4637
1349 4329
1141 2205
752 3015
312 4307
3872 4352
882 1751
1439 2958
768 3280
2193 3053
354 3782
1204 1889
679 4642
1516 3117
2397 2469
3106 3240
1104 2654
214 3959
390 3280
921 3531
2633 2740
943 2289
1371 3950
1466 2730
495 1654
303 594
570 2898
1122 1779
1564 4237
2056 2113
2256 3303
4073 4127
599 3349
194 1770
1429 3331
1137 1558
2064 3286
271 2181
2741 3795
1041 4949
901 1202
210 379
472 2328
1805 2142
1536 2195
1669 4099
1202 3355
865 2016
2637 4394
243 1812
403 3349
2755 4854
4200 4524
308 1653
46 2431
983 4086
2087 4335
2342 3904
1646 4853
3638 4631
2845 3659
749 1364
2807 4764
1955 3302
1286 4954
316 2958
119 3691
4275 4731
4249 4892
2878 3818
175 3648
1332 4797
2547 4271
458 2705
1006 2269
1171 3083
121 2873
258 971
293 4536
2579 2762
2116 3227
1979 3329
1302 3434
1624 2795
2340 4062
3729 4087
862 4140
44 2204
1280 2093
359 4576
1104 4072
79 2900
1956 3024
669 2680
3269 3343
2414 4103
3778 4785
502 2218
1393 1857
34 3191
1357 1519
1033 3816
223 4361
4159 4548
3523 4299
2125 2620
3609 3819
3001 4976
23 3305
1566 2035
2472 3733
717 2912
351 714
1403 2896
718 1820
601 4699
1758 3909
2103 4240
1763 2457
2518 3240
55 4872
2329 3296
790 4425
11 2526
2007 2965
3076 4294
753 1883
214 3810
1748 3168
253 572
2352 3812
950 3606
2571 4168
2425 4337
726 4024
929 1397
2539 4793
555 2808
1103 4715
2 1246
337 3772
11 4129
1405 4209
1904 3454
1935 3413
1929 2322
1013 1105
897 2104
1081 1261
3682 4990
2310 4665
1142 3672
54 2755
269 717
1345 3828
1760 3722
217 586
2173 4857
177 3572
615 3992
728 3586
344 1175
3431 3608
1746 1880
311 2000
1792 2029
3850 4007
3615 4325
802 3141
3710 4265
1213 2074
1148 1802
1009 1905
2599 3753
2042 3582
954 1377
3181 4248
2123 4616
292 1008
1020 3318
3662 4297
933 2023
2343 4124
1384 4887
2240 4442
2689 3934
1866 2556
830 4028
1855 3659
479 571
522 2597
3241 4835
476 3626
452 872
3258 4513
980 4450
922 4687
2128 4865
1702 3238
1278 2070
441 598
704 3486
3518 4415
218 602
2584 3544
518 2031
530 1402
846 2960
840 4212
962 4789
676 797
2657 3856
309 4510
1860 2521
1719 2385
159 4805
1211 2518
4492 4631
2103 3791
1730 2405
441 538
183 3993
1900 2385
1562 2372
815 4705
369 2940
1581 1586
130 4258
1494 2278
204 4334
97 4635
4139 4531
596 993
4116 4994
295 4661
2816 3426
848 4233
1493 3559
6 4835
3941 4541
319 2966
3247 3300
2935 3251
4175 4207
922 1875
