10003 10013
4506 8099
3918 9625
6618 8012
2500 2934
4971 9173
7003 8265
7425 7438
2670 7470
160 3441
1386 6502
1826 6009
3160 8853
3091 3998
369 2479
3935 5263
4563 6961
1367 4965
2676 5186
5291 6783
1687 3294
42 7392
3094 9641
6560 9347
1126 3773
4867 7370
2987 5626
971 7023
4156 6683
933 1464
8030 8190
1727 2798
1231 3675
1698 2670
277 5338
1620 6579
4231 5649
6365 7207
1288 7196
456 1192
980 6479
1175 8751
2216 8392
7455 7799
1383 5013
8259 9408
4220 6157
2272 8331
4392 6602
3695 7600
8068 8890
8196 8741
2299 8945
3353 4403
3363 6099
122 4852
429 1269
3362 5067
1132 3241
4262 9147
2255 6517
1285 3909
1134 3957
3964 9068
2611 4510
6061 8803
4638 6703
3092 5071
567 2624
1615 6875
3011 4839
1827 9178
6055 8730
4000 4959
4003 5111
3241 8563
4195 8303
4360 6668
994 6746
2034 4967
2509 3014
7427 9400
7465 7591
3438 7140
8438 9087
1836 3848
762 5562
3607 8937
7721 7775
1438 4406
3191 6026
2766 4621
6291 6953
1691 2537
4164 5849
1802 6908
2395 7464
1036 9019
1645 8265
2546 3981
6768 9239
6431 8424
4280 6299
6760 7279
764 2140
885 6929
2280 4583
8240 9095
2313 3641
7953 9882
736 8483
2889 3055
6988 8269
1544 4450
1953 9663
779 4662
3836 5770
1120 8662
79 3819
1127 8338
5281 9299
1621 6296
562 9621
3643 9005
7798 8351
2544 7691
1440 8505
1679 8534
696 3313
1359 8672
4116 4574
3035 5661
4930 9899
2942 4667
6734 8678
1350 7583
6391 7098
361 6072
69 1931
5377 7960
125 5014
4272 6089
3317 8153
1418 4828
4946 5973
6570 7107
5419 8981
8580 8993
5101 7388
3368 3778
4229 7073
6136 6801
3776 4134
1262 3897
2397 5256
7147 8317
400 3319
2807 8311
4684 4931
2716 5855
3207 7554
1777 2334
4966 7365
6629 7680
3405 6800
2489 6583
769 1764
6597 7043
4188 9537
3741 4623
930 7544
4281 4999
1013 3194
3531 8147
93 6712
3194 3671
4001 6458
5996 6588
3508 6463
5002 8818
1181 8946
5854 6900
6654 8306
873 2085
3760 7502
3320 3655
3187 4593
5251 5780
1267 1543
2210 5372
3897 9359
4155 8696
7933 8988
4979 6747
5157 7837
2528 6388
516 9956
5472 8489
2399 5400
4476 9477
4848 7531
2812 6291
6635 6755
1543 5833
1684 7778
2220 6047
526 7630
3589 9494
4861 7813
4047 5369
834 7702
5069 8150
637 6298
831 7664
2459 3984
2282 5673
5205 9123
2003 5363
4944 9040
352 2899
4574 4960
1124 3243
1515 2854
1226 3151
836 1399
4657 9369
1454 7800
5804 9317
373 2380
3253 9913
1148 1753
557 5564
2702 7784
2057 5315
6992 7050
1605 4441
1075 7721
334 5345
561 3751
1153 8497
4160 9494
2628 4327
3071 6562
2367 9697
2632 8716
554 1423
6721 9990
2674 7795
1204 3410
2091 5847
2959 8439
7642 7882
3041 8384
1446 7411
65 6153
6498 7228
5209 6673
1207 9453
4697 7242
2834 9263
774 7084
806 2955
1963 4999
8657 9151
2614 8040
2515 4291
2943 7562
358 5856
1535 2510
8490 9622
4799 8610
1217 9929
688 8725
4620 5475
3606 8315
2189 3356
4583 7000
3064 8981
1270 5902
3547 4861
3761 7348
684 7558
3276 7220
2990 3648
4862 7015
7699 8089
7028 8511
968 3782
6165 6337
3858 9368
2638 4011
4206 8931
720 8125
349 9954
1952 5381
5958 8064
4859 7130
1841 2704
7797 9675
3944 4271
220 8977
589 1666
2962 9093
1506 8812
100 2863
5237 8298
7121 9282
5515 9830
2643 9467
427 4380
6259 7441
4079 4819
1891 9578
492 2340
6528 6663
5637 7311
4915 7353
3221 6876
2886 9935
1797 6856
531 3156
2462 3463
5389 7426
2718 9930
2126 2896
3789 9108
339 4845
3708 4896
1041 6419
1432 7497
3701 7492
1513 7115
1208 8556
6785 9683
6 4989
953 8563
5700 8116
6175 7435
5512 6925
1302 2609
3629 6212
4219 7559
3757 7553
959 7513
8538 9265
7344 8314
2623 9841
2339 5610
588 1454
1166 4170
5090 8364
179 3364
3820 7190
3048 7461
397 1238
2267 2820
2798 6353
8379 8632
4639 5584
944 5691
2599 9605
1436 8906
5582 8067
4932 5334
1412 4216
3039 3787
84 3380
7928 9645
9477 9508
4167 7522
343 8279
5665 9163
4915 9093
8101 9084
4186 8810
5219 7761
772 7658
1294 7548
3678 4373
3457 5909
2338 3161
2705 7278
475 2236
2953 4421
3373 6614
7228 9137
3395 6399
5576 8367
3055 5875
3518 6069
8787 9157
410 8895
286 4968
1488 9497
847 8873
1430 2619
1150 6706
4779 7079
6810 9629
5464 7946
3246 5839
178 6268
2499 4898
686 9062
2835 2958
1749 2374
156 3807
2978 5465
120 8148
189 892
170 1845
3322 6360
6274 8924
8618 9736
3317 4572
3404 4534
3752 4910
3342 6798
4353 6682
4445 8808
524 5281
7362 7851
224 4621
3790 8051
7618 7628
5548 8393
4916 6166
9044 9150
6249 7888
769 7922
6345 8155
3621 5967
5421 6413
35 7710
689 9051
1855 5780
954 4715
2033 2751
2482 8171
1629 7855
919 9010
2161 7795
5552 7442
1724 7722
2598 6792
682 750
177 5025
1473 8719
1046 5248
2713 5029
564 3181
8244 8673
642 3436
2954 4883
3033 9234
1514 8687
3512 9036
1870 2250
1050 6110
380 8545
6074 8231
4222 6235
3623 4987
5602 7080
3224 4197
5289 5738
5708 7896
3590 6386
6792 8461
4770 6707
740 831
2711 5999
2402 5940
7501 8282
1 9454
1069 4511
6298 9989
1387 1539
2781 6435
6213 8155
60 5827
3328 4710
3090 3827
5977 7819
546 8132
3697 6766
1503 9272
2258 2918
4172 5747
4127 6435
355 2770
2713 8457
5351 9925
4988 8680
4426 5730
6462 7532
6136 9944
182 6083
4146 9379
6457 6781
6091 8771
4717 9388
3140 8487
5811 8341
1906 2969
2582 6239
4480 7453
881 3251
1020 6287
6016 6591
3952 8636
646 2977
7019 9467
5781 9836
5442 8962
2358 9581
6737 8166
1273 7338
213 9479
4495 8585
893 5356
5672 7941
6211 7286
4519 8476
2858 7959
4965 8194
4692 7381
3631 4362
2686 9841
1229 4101
3392 4190
3495 9405
2587 9713
30 8507
6705 9129
5662 6046
4492 6376
4698 7403
3915 8827
8248 9383
8412 9768
3270 7140
2384 5303
64 9909
4006 8315
9358 9410
7179 7187
5682 6379
2606 9508
1347 6141
1453 4209
2305 7334
1834 9182
5835 5888
1572 5806
7060 7807
2574 4239
7470 7530
4936 7838
409 7597
248 3520
5510 5631
737 8896
471 7299
7032 8871
1181 8054
822 7415
8469 8750
1878 3164
1781 3859
3800 4010
555 4477
2710 9484
3475 4360
1172 1255
5739 9489
6452 7307
31 1791
8145 9192
5763 6195
2265 5007
8701 9081
6068 7071
1091 1135
5056 9518
2182 9244
4371 9271
4933 9812
5129 8815
1425 8003
6710 9921
3855 8834
5624 7297
3139 4920
859 7311
7820 9038
2263 8057
462 2656
776 1943
1236 1289
1468 8605
955 3452
6318 9449
7741 9737
3355 5316
3942 6829
2208 9932
3601 6131
3871 4489
199 2256
186 9633
1480 2378
2432 9412
115 841
5533 7641
2861 7254
663 3802
1774 4635
8555 9685
3618 8722
2197 4524
1708 7515
2786 3703
3928 5793
4728 9327
3374 8210
1143 6444
639 8395
1713 9891
3176 6439
2577 8337
33 2453
2208 3879
1696 5908
421 4880
4995 5447
8975 9450
5759 7042
4922 9727
45 4411
1224 7990
1941 5592
1399 8458
4577 6401
5102 7374
393 1946
1108 9424
3758 7353
5990 9912
5386 8783
853 8717
3990 8358
4806 9046
591 4347
901 1879
1255 6858
1067 5390
5635 9261
1857 6612
241 353
4626 7261
1837 8289
1697 8544
1965 7541
3883 7021
1406 5503
6543 8976
3058 3911
7631 9297
6103 7972
2573 5395
8753 9596
3242 8492
2517 8365
4971 5402
1885 9620
4923 6361
1459 1533
4064 4269
6951 9198
1484 5783
7419 9973
6286 9335
1611 3348
3776 8225
2776 8488
1339 4948
1155 9911
1610 8829
2122 7599
1065 7955
2008 4378
8646 9299
8965 9086
1051 7397
452 4149
7670 9148
5244 9476
1945 6228
1826 6550
4097 9967
7665 9627
4878 5677
5616 9520
1458 5879
7416 9915
840 9004
1248 1654
7170 9428
1803 3860
6152 7959
1011 5750
4618 6168
1948 8379
1549 5993
2456 3449
5 4451
2845 7350
3227 8172
5185 7361
2651 4031
2091 2924
17 6084
466 641
7452 9891
7600 7965
422 6307
422 5427
6223 9025
1019 7761
7052 7180
1671 8684
1875 9009
916 5525
1746 2935
1201 8633
201 6985
5982 9903
1812 2655
3420 9969
424 8758
4042 6942
8299 8814
2563 9145
3868 4025
8065 9586
6754 7055
7409 9306
235 1026
1393 9011
900 1926
1761 9910
1105 4646
3821 6777
1902 9179
775 7990
2124 7752
4265 6679
368 1212
155 5174
986 3921
119 1146
7554 9810
3653 7699
7935 7972
110 5788
1029 8157
327 4706
5521 6321
2633 9873
1442 6204
1449 5494
710 7112
2947 9788
4343 5075
1363 6147
4084 4840
3134 8473
6669 8752
1086 5328
8766 9807
2696 5586
2920 3651
1304 4805
448 2638
1643 5151
377 9670
698 9964
6578 7784
9079 9585
3595 7380
970 8988
854 1221
467 5554
7089 8026
696 3929
3414 6885
2961 5055
3882 4130
5926 7973
2806 3153
942 6359
4851 9107
6035 7375
2379 5311
4924 8057
8896 9197
1588 2684
1375 1416
8440 9291
6808 7540
5819 6370
5687 6497
1362 1699
732 8641
2108 8127
4467 6519
2345 5365
7657 9399
5740 6854
761 7659
5209 6850
4916 8309
227 8188
3234 6041
9568 9615
1268 7646
4267 5112
2620 2938
4232 6243
5269 8716
3689 7979
4169 7580
1239 2370
5643 8419
1191 1526
5825 8820
4035 9515
7136 9618
4025 7296
6264 8919
3158 3230
3623 5450
5528 7039
5721 7094
1167 2511
4900 9374
6016 6075
1110 2183
6185 8355
703 6363
6150 6743
3960 7821
5857 6656
1295 1345
3141 6516
4642 9630
2984 9249
3333 5265
1872 3591
3862 4631
5714 6450
5135 5657
4443 9722
4449 6624
4768 5996
5406 6037
1421 8675
6423 6953
665 6834
6398 8985
4283 9139
3908 6623
763 7253
901 6889
5715 9861
430 6229
2286 4427
5317 7256
596 4038
3937 6250
2789 9647
6913 9412
8300 8561
1000 3946
6269 7726
1981 2013
3379 8271
2017 8389
778 2164
1600 8419
2755 3518
250 3756
844 1560
3835 8818
5367 5646
8963 9785
2952 6708
3579 8619
322 6830
3506 7067
5696 6013
1895 2156
1274 5308
3215 8672
116 1838
5366 6773
1118 7142
865 2876
818 7200
4055 8840
2342 3044
2470 5955
2741 3722
576 8849
2083 5026
3887 6020
7026 9544
587 5074
2311 5675
2965 3350
244 6181
2420 3621
3250 5048
2331 6857
4607 5679
3949 8381
3834 7793
2393 5160
3290 7471
5875 7754
5942 7786
5228 9154
4036 5154
800 2308
2908 7907
2099 4124
7586 9100
417 1573
2964 5941
4888 5538
712 2371
871 2705
1742 8230
4931 7683
2063 2368
3385 4980
881 7903
6438 9694
1563 9725
4717 7479
1024 6495
4320 8350
3473 4028
5675 6281
2030 5245
7225 8527
2717 7093
7101 8909
5487 8201
107 9915
1312 5518
6019 6606
7895 8643
465 7561
8737 9406
1654 2616
3829 4095
5696 5739
273 3560
2068 7751
3006 9762
2271 3144
2349 7826
3967 6712
3068 3984
74 3608
5588 9253
5886 6799
1828 9715
606 6816
207 6809
411 9312
92 7493
2055 7454
4975 6203
7314 9949
813 1043
2767 2905
2098 9649
7954 9246
1743 3896
1904 1971
7886 8967
266 975
252 7312
636 3079
232 5583
1562 2163
6073 6160
2426 7022
3052 3289
3178 6167
2767 7787
7296 9294
5876 9378
2202 5388
2875 6809
3999 8250
3924 4508
7129 8422
2229 8075
5513 9336
5584 6559
2017 3105
2104 3484
3729 4716
1023 9919
51 8387
406 5918
2159 7997
1216 8412
4092 9717
2700 9486
7233 8589
101 6833
1040 7551
72 2426
5964 9228
2841 6909
7325 9496
7041 7589
1373 5917
8093 9851
4358 7027
2728 8112
9254 9540
853 4512
5233 9111
9618 9674
991 4081
3756 8542
614 2634
1825 8857
1881 7468
2089 3174
1641 4824
6640 7644
765 5882
9457 9859
515 3533
1299 8801
6827 8122
2591 8904
7478 9726
3199 4860
3304 4333
624 9022
364 780
2179 2715
25 8002
2771 8463
2718 7676
520 8090
849 5039
4959 5972
1293 3649
2842 3714
3018 7672
1464 3118
1562 9497
5540 5558
228 3737
4163 8558
7225 9617
1919 3360
6613 8288
4087 5341
3630 8648
2404 3642
1338 3512
1967 4810
2521 7119
5438 9300
453 6823
4490 6240
1165 9059
5869 7333
43 6172
2809 8223
3907 6279
4834 5664
5532 9543
1577 2493
322 5906
1829 6581
1653 7341
615 1784
2047 5625
3522 8700
2035 4044
1639 3216
433 5562
199 7974
3396 8622
4441 9646
6130 8846
823 7049
673 5176
1692 4023
4189 9147
2110 4099
3050 8323
2379 9216
2169 7238
6503 9226
2745 9778
1003 4839
1207 6657
214 7354
4800 7753
196 4830
4236 8498
4377 6612
4694 6954
6856 8644
2463 5756
5336 8594
4428 4509
2918 4491
3384 8517
3478 7159
829 5123
1412 2492
1168 1418
528 1040
4347 8269
1215 7444
944 6436
220 9938
7877 9668
2624 5491
2560 6477
5773 9241
9917 9953
1916 2988
2593 6377
425 2021
1396 9667
6127 8770
1364 7102
5645 6207
4432 8505
1741 1758
5290 8462
4969 6419
2660 5170
5444 8878
3864 7920
1296 7799
545 9653
3869 5360
2052 5001
2531 8852
7701 7720
1123 9260
1829 5120
2483 7109
2871 7838
904 3612
981 6172
3074 6580
2170 3163
918 9712
36 6829
992 9666
2857 7381
855 3247
7287 8357
5220 6803
4029 5894
3686 9997
382 1057
648 5471
2516 9109
3628 9792
1449 6536
1985 6527
1908 5211
4582 4769
5919 9751
2076 6531
4238 7495
1530 1822
2171 8562
2481 9875
4213 4715
3154 4411
391 6295
2559 6592
7354 7676
316 8139
3275 3537
5214 6413
2947 7801
3878 8049
4646 8638
747 1780
3852 6940
7401 8584
1384 7785
1547 5529
2001 7230
4737 8622
4511 8088
9738 9997
2688 4763
923 2267
6819 9896
298 3761
1525 3663
2390 9213
1331 6125
5509 7730
6125 6259
3814 9687
510 6804
3310 9726
318 4027
3050 9117
2704 4008
2505 2993
2044 9882
560 5898
4436 5367
1146 6608
3298 3399
2855 7103
7963 9067
4340 5841
108 2494
550 9898
1886 2010
4776 9904
338 4611
236 7776
2222 7885
4425 6270
4316 6134
5194 8711
3440 8363
4693 8339
1228 8822
3128 6469
2508 6244
4188 9893
7596 8014
5170 9153
7423 9303
656 2000
8414 9532
638 5722
4018 7078
37 1738
4228 8508
3523 5621
5636 8964
7174 8204
6064 8797
7358 7394
6769 7314
4535 9319
44 8206
2933 9735
2093 2944
1651 7811
5648 6742
3323 4565
7768 9355
4691 6848
436 4786
3660 7779
4781 7405
6168 9829
2441 2856
2950 9699
2466 9947
3198 5451
4990 8207
7163 8970
3024 8009
8016 9131
1660 5900
3639 6840
1899 4304
3603 6571
2031 8664
902 2281
2877 4261
1223 8407
563 2392
5066 8071
6855 7988
1233 2284
2847 8193
5441 8623
2846 4594
3727 5874
3030 5124
3816 9800
5912 9384
293 4992
310 6316
3244 5063
7669 9096
977 3093
5644 9810
194 4792
3991 7642
3172 9153
1096 1884
9183 9723
2329 4764
4242 8468
2043 8892
3720 4179
6634 7431
1337 6313
3236 4599
4472 9552
346 2495
5218 7859
182 7055
1035 5564
447 3778
1030 5273
4474 6232
5736 6210
1156 6585
4430 4555
1428 8908
1127 2455
1237 8110
2747 6952
8968 9383
3497 6488
1637 3369
7371 8328
270 5601
706 1138
4598 7386
5390 6306
6503 8697
3155 6921
820 9602
6151 9360
5623 10003
4661 6965
2557 5417
5343 6092
5745 8532
5288 9115
1832 5650
4005 9552
4455 6641
2031 3657
4434 4612
161 3573
3388 8704
6132 8332
2725 9032
645 8960
151 601
7392 9307
3676 6976
4215 5969
5414 8482
898 9817
4648 4964
5771 8524
4381 9102
244 699
4707 9703
1839 2448
7709 8720
2355 9189
3487 5292
4470 5799
477 891
7598 9065
1851 9435
750 5893
2724 2742
7878 8257
5326 8335
4346 8659
8119 8961
8529 9791
2022 6418
2842 4262
4642 6100
2823 7641
2037 9389
5290 7499
5127 8950
6602 9309
556 5397
3215 8558
2397 2971
7439 7701
303 9612
4022 8606
2398 5586
552 3614
7366 9987
8376 9451
3666 7908
7075 8745
4507 7161
1474 9821
3702 6041
5167 6650
2197 9766
3357 5726
481 5572
38 2925
919 1354
3609 6743
988 3160
5267 6247
6148 7476
3299 4512
6355 8674
2147 5262
6776 9747
8426 8785
6109 7235
2141 5568
1624 2484
3433 8939
6427 8482
977 8478
78 5810
3170 9683
3934 9423
5223 5510
4272 9733
6725 7094
3178 5106
887 7788
6164 7733
6248 6539
5482 5983
4445 7485
726 7483
660 4928
3452 8218
8998 9862
1876 9319
6670 9291
254 8852
5047 8927
927 9312
5187 9276
3548 5808
171 4633
1169 6183
845 4290
6094 7572
2674 3956
1467 4909
7081 8128
916 5144
3635 9570
801 4412
587 8821
3399 7704
736 6426
6467 9017
5239 7692
3124 6251
5798 9729
1506 6233
3563 4473
301 8330
217 1357
95 1865
3650 6179
1308 7865
5909 7828
5299 7082
7158 7693
7272 9132
4486 7330
1213 5796
15 2911
8875 9563
6939 7927
5426 9172
4948 8548
4714 6018
905 8272
2081 8255
1048 2712
7999 8604
153 7266
4729 4765
3150 7171
4833 5826
2529 9106
8069 8942
52 6054
1314 6549
5868 8495
3025 3557
5135 6906
3968 4342
1556 5414
6403 9141
2279 2375
3639 5070
679 6572
6387 9886
5929 8449
5276 5301
4161 9472
3166 7614
3528 8880
7053 9490
811 3873
726 5251
2095 9550
666 8699
817 3916
1713 2542
5468 8664
2602 8572
537 8238
2164 2774
2659 7921
2371 8521
2754 4350
3162 7980
5636 7494
1313 2168
333 7577
4990 8755
5594 6378
2779 8620
1426 6974
994 5770
5863 9386
4331 7145
2687 3357
5550 6608
362 2201
2955 4059
223 1830
533 774
2949 7265
2087 7505
1144 5895
5331 8982
2346 4812
2 9221
2839 7828
1151 1542
5735 6738
2237 6780
2095 4442
2601 9784
1071 8370
4395 6718
1646 8732
2951 8754
722 9237
2756 9532
3057 4711
3999 9789
5424 8651
3951 5599
22 6840
2245 2610
3087 4549
676 6548
94 274
31 2845
6173 6895
5777 7268
6339 7542
1472 3465
1062 6328
735 5447
5063 7978
7167 8465
4296 7992
3334 6088
3005 8247
3132 7339
3118 5569
4503 7643
4153 9722
1815 5260
3696 9716
2424 7243
1456 8477
8737 9360
532 4409
4809 7417
1889 2393
8533 9400
4970 6429
1479 6853
7422 8586
811 2928
4404 6505
132 7992
6835 8488
7607 8359
2326 4941
2463 5297
3960 9783
964 3538
3376 9562
5647 5923
4826 5032
1213 2764
3125 3630
4800 9470
7913 9321
5215 6884
5607 9901
2011 9075
4141 8421
4062 7043
4735 5520
1611 8207
2175 4057
2367 6158
3305 4079
3589 9876
1939 9329
2959 5069
1090 7429
1381 8082
3455 6585
1184 2869
2571 6500
3921 4606
5330 9808
7063 7777
6696 9423
3462 7456
5792 8561
3759 5786
1126 1938
6236 7735
3711 5755
432 634
1964 4774
1887 7816
6465 6677
1813 7987
5339 9887
2239 6619
1575 2014
352 1670
536 8702
1389 4614
3658 8340
6410 6921
4391 7252
1374 8071
2839 4755
1083 3570
1742 1997
1453 2833
1272 4953
1254 9269
1400 6671
5189 6620
3051 7512
7899 8846
8453 8847
4988 8675
2060 2115
3371 4606
7899 8445
393 3018
1700 6598
1362 3638
720 9759
1437 3355
3783 5333
317 1455
3467 9498
4417 9003
2791 3670
6764 7688
1448 3307
1211 3853
8074 8615
388 4989
947 3119
3408 9613
7283 9903
7400 9542
7649 9469
872 7567
264 2962
3838 9125
387 4944
3313 4596
1791 6587
253 9160
1044 7878
5242 8709
2832 3065
1940 9822
3174 4592
4052 4199
126 4444
103 7833
4932 6126
5455 6935
1941 7151
701 9662
5639 9654
864 5454
1482 2785
894 1404
2639 3419
3970 7947
2536 7360
6611 6651
2547 9956
2827 9894
4237 7390
6410 7308
5896 6987
1681 8390
4453 8046
2449 5409
3354 4857
4702 6918
4352 9985
3886 6758
6733 8553
2900 7875
6137 8621
4765 6833
1033 5377
7929 9468
2069 9156
5811 6003
8940 8959
239 1389
3209 3889
2423 3779
394 5805
5930 7037
213 8199
1290 5656
4196 4996
5265 5950
5213 8309
1585 3322
3616 4596
5352 5723
3822 4048
796 4349
3706 5790
7668 8198
4387 7883
742 7152
4478 5363
3244 6365
8084 8573
2514 6371
5384 6648
3989 7244
7056 8628
6293 8385
2570 8178
2178 5365
4424 8255
2671 4002
1598 4348
1169 2028
3430 4590
6562 7265
4352 4629
2100 4073
2441 2564
4191 7535
600 5075
1340 1586
3714 6912
2315 8631
3419 5459
3721 7880
2854 6624
2360 4173
1138 6481
1210 6362
2795 4026
6449 9362
3091 8789
5764 9786
255 8866
3667 5668
2682 4241
1101 6995
1731 7917
389 8762
24 5127
3751 4813
3042 5713
8734 9758
36 7000
3077 8541
452 9559
948 1414
2333 8369
8729 9757
4487 5006
2461 5444
5227 5581
997 9815
435 1753
653 2195
676 3918
8378 9836
677 5934
1259 6400
3927 8029
1636 5407
285 5429
3285 5548
3992 4146
1759 4480
2209 8739
7757 9459
164 7148
5935 7743
3007 5750
358 4816
705 7331
922 6033
1726 6700
5733 9210
2101 6218
2111 4756
3904 5880
3534 9808
2394 7870
1783 3189
1895 2016
3468 6320
471 2530
483 3263
2732 7827
894 7860
1996 4891
777 3825
1148 9632
3230 7194
4413 9695
8830 9104
882 2179
4992 5756
4332 7658
1767 3728
3268 4655
4707 5177
4225 4742
1191 2648
7249 8313
1364 9031
725 959
8584 9856
3654 5385
7850 8759
5974 6367
4676 4869
660 1735
6086 6558
7133 7193
5307 9252
2631 9143
5410 5566
5646 7019
4093 4155
99 8214
4482 6904
4278 4905
1943 9742
4459 4951
1114 4673
4605 5831
7247 7977
3586 8058
8513 8652
583 7830
3888 8064
6551 9073
2793 7691
476 8576
1421 2969
5385 9742
85 5122
559 8803
3913 5373
775 3541
5689 8735
2041 3769
5814 8506
6005 9307
748 1330
1787 5791
1038 5188
5625 6557
551 6513
205 9192
3909 7814
2147 8780
2849 9734
8178 8892
5329 6447
2506 9674
7664 9245
3525 9394
3340 4973
931 5091
1772 5068
2936 7543
3138 8901
918 2521
3400 6394
1420 7048
1756 6102
2381 9175
4388 6014
1159 8083
1886 2507
7361 8992
1088 1122
8437 9807
3337 6135
1508 4361
7018 7113
867 4450
856 3094
5467 7957
4669 6053
4266 9316
1041 5694
8446 9602
4325 9039
5341 9741
1546 6759
3575 6938
1528 5635
4496 6152
898 1180
8301 8340
5638 8489
1699 6440
6560 7655
1393 8519
5678 6024
3196 4224
4390 7206
3899 6993
3199 9499
2645 3029
41 7046
1522 8458
1526 2236
4329 6305
4032 6266
66 5057
7096 8523
1976 6610
2132 4775
5321 7674
3643 4150
2585 5719
6564 9541
297 2927
908 5769
8 1352
6507 9062
139 2627
3840 8342
8129 8511
6616 7359
3218 4746
4154 9468
6726 7973
692 9527
5792 8576
3826 4274
3711 6115
2428 5236
3120 3474
2748 6919
1989 3651
4356 5707
3579 5259
9041 9390
121 4573
6144 6731
5910 6775
5884 9546
1379 8941
8588 9700
4088 7652
4069 7109
1844 4853
4838 6288
146 915
1790 9118
9026 9099
4463 8945
3694 8456
6422 8652
1143 4783
6599 7459
5323 9549
3718 4207
9021 9661
6019 8786
2780 2981
2535 6926
9292 9395
3658 8888
7475 8645
4471 8553
7224 9975
1655 4721
4285 7650
7002 9887
1568 6736
711 2109
3727 9922
1056 8780
3447 8181
4181 8865
166 8251
3023 4019
4624 6959
4982 7429
4484 6030
1904 8377
1608 6369
2941 5984
6104 9217
3863 5229
4157 6015
849 1220
7651 9129
1702 4802
3755 9547
1460 6521
2376 9398
2878 8242
1204 7135
2824 5292
1764 2345
172 3280
2618 7318
2039 10002
3888 4649
609 4096
822 8665
334 6358
3476 8034
1703 9208
9186 9492
3843 5879
2848 8976
7626 8718
912 4356
508 9834
3678 7413
133 5488
8496 9333
1568 7980
6763 8596
9066 9924
280 405
735 9413
5685 7594
6312 6902
2347 7951
5060 9781
4012 7226
3182 6449
3828 4305
1644 3030
6416 7489
2752 7773
3966 8146
5725 8634
738 1294
7835 8516
7280 7747
1638 9629
4050 5579
697 4077
4130 5197
1991 5361
1131 7448
3450 8897
1710 4507
729 8205
5443 5933
3249 4018
5523 6831
6020 6145
3902 9928
102 9749
2577 2852
1908 9242
6113 8778
1024 1334
7816 8794
5486 8382
825 2860
1080 3140
3293 7091
5277 6851
6260 8661
5257 6553
7364 7772
1333 5771
904 5198
8027 9974
7587 9448
3856 5261
3006 9284
4505 6039
2050 8173
21 1153
6488 9846
2200 8585
1441 7227
348 781
8967 9427
3922 8307
3359 8352
496 7406
2479 8017
4454 4561
3705 5503
1077 2180
2285 4418
5452 5758
3547 5573
5619 9635
8037 8784
4508 5448
4184 7527
4359 9371
8241 8497
508 6456
5068 9382
5846 6704
5944 6786
3109 3432
1 4674
309 6457
1122 4546
1596 6847
773 8176
1626 4425
4060 6509
593 6260
2480 9469
1218 5986
3821 6075
6576 7785
8415 9612
1504 9588
1687 3411
3261 4185
4337 6813
6442 8764
4207 8949
5925 7900
478 3702
6227 6899
3953 6190
7051 7613
336 1816
2415 8957
2681 9021
484 2726
605 8551
888 1391
5991 6780
6553 9049
1182 6242
6420 6899
752 4755
9489 9741
669 1354
4133 6622
1537 3502
3386 8726
328 8843
7395 8118
2182 7985
4801 8102
562 9115
4509 4637
2172 5590
1134 8900
1848 6763
2555 6918
1175 9814
3084 4719
3110 4553
4428 6485
535 3556
1962 2552
2578 4784
6883 9720
5613 8479
543 8692
1012 6180
22 7105
5239 7674
7832 7933
95 8054
2075 6397
2124 5749
412 1859
1938 5301
4603 8162
3027 9274
647 8053
3801 7971
872 4665
3338 4323
1351 3952
6013 7125
1874 6428
6464 6698
3019 9488
337 1037
2804 4376
670 6732
6556 9350
63 4251
2968 4372
6928 7739
1758 3066
7564 9607
7404 8586
4037 7255
593 8270
6694 9894
6038 6267
809 6024
254 4263
717 1303
2524 9380
5436 7384
1784 2247
3964 8038
8366 9901
4513 4720
4462 9628
4222 4436
2357 5662
620 4770
5054 7373
2588 9776
2150 9437
2181 9551
3302 9640
3349 8296
3062 5556
4148 8532
4327 8459
2491 9561
1650 4475
4213 4295
5767 6208
1378 2016
4120 9334
162 6443
3393 3488
6070 9184
2350 7511
6159 8875
406 1694
1064 9206
9235 9503
3772 6393
2523 6701
5716 9880
3891 9697
5161 6717
1157 2350
2279 7014
7991 9449
5088 5184
6821 7457
3081 8202
4120 6858
5076 9986
2782 9941
3765 4086
2114 4029
5502 9712
7517 9839
365 4398
335 9338
3564 8464
5776 9428
1775 7679
5618 6868
386 451
1172 2976
9381 9877
4098 9166
8673 9190
3434 9035
8200 9284
1836 6799
3804 4935
68 5609
516 7944
85 739
117 4250
2301 2493
2942 7714
668 7267
5981 9857
6947 8548
8772 9986
5043 9096
47 3195
3612 7915
3347 5924
7194 7518
3954 8080
4288 7533
7038 7284
3394 3569
610 5429
2015 5897
617 2891
9225 9824
1128 3100
5994 6328
6201 7827
4108 6532
2908 9739
1996 5008
6396 7230
2048 3625
1640 8970
534 4067
6951 9034
3418 9765
3674 5784
454 7971
896 2344
52 1796
1408 1995
730 3794
1242 2056
1394 5729
6347 8933
793 2956
3713 4970
1600 8711
2932 7234
4501 7185
1882 8921
4842 5430
2324 2750
717 3812
5469 8200
1409 5705
983 7198
378 7750
3072 9945
3979 8686
5134 5837
907 3987
2096 4724
2997 9281
8751 8935
6645 6959
5995 6706
5183 7275
5322 8008
2273 9672
1194 2520
3574 4375
2750 3942
72 4784
1031 4808
1800 2289
6213 9959
513 9064
5166 6314
7682 8484
524 8436
4404 4506
1281 6442
7028 8839
3262 4118
4588 6983
3866 4037
7324 9202
6409 8021
222 5354
4230 5172
7182 7807
1246 2666
6356 7355
4210 8228
2004 4061
8501 9230
9122 9730
2288 5680
4191 4798
2457 8388
2822 8441
1218 2658
3052 5011
4746 8181
1272 9254
5723 6786
1972 8655
7688 9105
3549 6541
6869 9285
8022 8692
3175 8068
381 6574
1133 3836
4124 8310
480 3640
2440 6480
3852 5669
2252 7432
1883 2217
4573 9478
3719 5892
2387 6926
6960 9518
1312 6791
4100 9969
5485 7251
1701 9250
2106 5470
4958 8146
6667 8410
5605 7796
7047 8000
4362 9626
3396 4066
2266 4836
3435 5481
3982 7156
5388 5752
4326 5348
987 3345
1084 5752
1869 7509
7012 7536
5394 5718
2986 8374
6691 8420
2992 8262
2696 4538
1538 7738
17 1669
4 8327
2337 6154
1059 7942
2732 5684
486 4385
4810 9116
4571 6568
1937 9980
4282 6051
4906 8634
1237 1777
6130 8681
259 2066
428 7597
2093 8115
8827 8858
3956 7575
2325 3049
7446 8247
2075 8355
639 5153
3035 5145
2542 4167
1551 9579
6332 8712
3114 3986
582 1823
3292 3526
3354 9586
7494 8326
6490 6531
1564 7184
8474 8918
6216 7057
690 4106
7213 8731
3127 8243
9937 9993
1394 3607
2850 4832
2173 5634
560 8994
1799 7918
2092 8643
340 2473
3422 9588
3581 4748
5585 9889
4680 4983
6655 8727
4510 5874
7900 8233
3819 6053
8768 8804
6788 7760
3838 4766
4316 9466
6430 7064
2187 4668
2554 5943
4298 6715
5283 5587
1856 9716
5199 5332
4545 6811
7154 9040
4536 7836
4174 7653
136 600
3298 4439
4284 5494
7121 9646
3271 4558
2050 2144
3171 7875
4638 5409
6484 7632
7463 8324
3991 8137
2302 9833
1319 2329
1358 5600
3258 5003
1476 5045
3231 7496
1328 5820
568 2773
1373 8404
1597 8555
2145 9533
1805 3309
5640 9708
3633 8823
661 9159
3893 9675
955 3228
4829 6539
1321 9500
767 1527
2386 9862
3848 6660
6618 9535
4514 9140
2040 3103
2939 5506
4771 5346
341 2553
3177 5010
2710 6217
2228 5721
3687 9022
8136 8642
3517 7856
1877 8236
1745 8864
2505 9760
9328 9513
6651 6752
8571 9682
26 3270
1203 1446
5230 7569
5640 5857
1422 6310
5437 5835
7399 9696
6040 6463
3539 9884
3389 6063
1427 2749
1982 6803
5342 8539
4886 7107
1557 3592
5979 5983
4818 5733
7102 8343
7849 9180
426 5049
4013 5129
6688 8042
7679 9151
3100 4903
2679 2872
2275 5655
4973 9365
3978 4400
4106 8418
386 607
6523 7014
2527 9691
6567 6678
2372 8954
1918 2790
6222 9939
5054 5270
3324 6997
1314 8788
861 5498
3580 4865
2707 4565
3993 8849
590 8618
294 4901
3031 5891
3433 3757
1663 7033
5623 8452
3527 7749
6334 9958
4893 8557
672 1959
6637 9855
1380 4659
2695 5802
14 3381
3795 7345
7436 8742
1595 6796
7608 9465
4695 8486
2709 3328
8097 8416
3058 4434
4576 8538
2567 7818
359 8380
7616 9346
3864 5578
7030 9488
5570 7412
3835 9430
1741 4783
2515 6781
3069 7640
2019 7180
5457 8026
3136 5544
3190 5720
2569 5164
2892 4521
936 8570
7462 8184
8938 9878
2331 6173
7080 8407
2384 5197
4696 6420
3557 4902
2464 9907
4145 6900
4919 7245
2386 8890
2435 4036
9184 9437
4024 7293
4607 7024
2818 4569
3321 7454
2290 9002
63 8985
664 4070
850 6256
8552 9043
1660 3026
1737 9052
497 8607
5731 6147
1602 7303
4852 8430
2136 8798
2967 5761
6289 9848
3710 9376
3032 9627
1429 9387
364 2467
6725 9140
7562 9216
1022 7934
2571 3682
5283 5812
650 6368
5418 9424
4523 9453
2105 9972
340 6199
2899 9165
521 1580
4342 6762
5555 7930
2080 9088
3975 9892
5138 5652
8968 9349
3601 7092
6606 7243
7127 9431
4496 6511
3617 7211
8680 9271
4265 7271
3444 9481
4392 9502
138 6584
324 2606
7866 9624
287 5300
4317 7944
4456 6609
1806 9119
7763 8275
1245 6999
3851 5551
6957 7835
7424 9033
2418 4699
9018 9290
1102 3062
7090 9728
3060 4745
1790 2940
2215 7627
3133 9083
3953 8444
8779 9306
4903 9150
7207 8512
1167 3148
4725 5103
1647 6631
3146 6106
3550 6990
4257 5912
1297 6033
80 6994
1050 1612
1201 7874
4951 6241
2178 6739
8836 9343
6632 7179
8090 8984
2887 8099
3131 8924
6641 8193
951 8765
594 3824
318 795
116 7307
3763 8408
4955 5612
5406 5590
1188 8873
214 8796
6197 9496
2284 5460
1946 6521
1905 4808
5413 5492
3037 4442
934 1540
3700 9193
453 2494
7391 8616
4876 9631
8041 9982
8986 9635
4135 6741
4981 7609
1387 6239
3345 9164
1311 8949
801 9462
8587 9442
3458 6475
3565 5659
281 7869
2868 6506
500 2366
4068 7783
982 7346
174 9165
1378 7379
7367 7712
2688 6287
771 4887
9168 9610
7385 8293
2024 7941
4009 9545
7989 8704
7695 8430
886 9764
3366 4042
3078 7342
7497 9466
5649 7911
2930 6225
547 8500
1036 4938
4350 6551
2615 2888
3191 3576
3134 7059
4982 6485
5223 7369
3603 9263
666 2040
3963 6087
3948 9756
1534 7172
1800 6826
2506 4871
402 3805
2471 5944
7119 7478
978 1799
4523 7327
6486 7988
2131 5138
5402 8637
6443 9244
1539 7099
3229 3610
7568 8401
527 4240
3709 7233
2579 5818
796 5119
6303 8009
4609 8736
4780 7747
2198 7143
4713 8870
5644 9951
4420 9196
3497 6373
5125 8426
8461 9243
5901 7170
1580 1779
7532 8647
1034 5167
1804 3681
6516 7791
64 4758
1746 7872
4382 6573
4564 6082
7897 8903
7205 8242
144 2743
8897 9322
6025 9845
7876 8019
5976 8775
1220 9999
3772 7065
3145 8859
4696 8658
2565 5885
1128 9176
1161 1925
6322 7765
4515 9796
3250 6512
6593 8403
8033 9753
2916 6867
1329 8357
694 8382
3009 9143
5611 9690
5024 8602
457 5031
6716 7825
3813 9219
2118 9363
6262 6403
3188 6909
3454 9017
934 2237
4220 8581
574 7759
4226 5118
2005 4626
485 8032
8072 8918
1174 7963
7697 9751
5384 9429
1891 5357
410 7422
276 2642
197 419
197 2116
817 1672
5768 7859
5891 9701
7362 8299
509 9177
2862 6761
2080 8123
5952 8757
5751 9571
5 4785
319 5701
818 8650
5300 7573
6626 6941
4548 9138
56 9681
1596 3635
848 6534
2000 2693
1642 3283
5192 7143
3491 8076
5637 5962
1076 2884
638 5072
1643 3513
2418 5082
360 5178
5014 8826
2911 4630
4307 9082
3283 8237
4922 5600
1695 6797
2206 8998
1843 2978
6081 8859
3945 4950
1705 8543
3138 5638
234 5998
1703 3071
2299 8722
1793 2723
5273 7439
2342 6955
149 7011
4679 5297
3410 4004
5641 9686
5076 5530
6177 8356
3726 6001
2687 9068
5035 7909
1864 7023
269 8779
176 1103
4544 6091
2758 8306
2395 4934
3235 4058
16 7961
7070 8993
1591 4127
4174 8204
5641 7523
2720 4636
1571 9548
4870 8438
824 9304
5851 6826
1776 8706
1711 2245
1326 6478
2452 2590
1067 4734
6004 7059
2802 8443
308 4244
6978 7981
2722 5654
48 1752
2707 4203
2778 6454
7045 8691
7269 9816
5415 7391
4258 8066
1288 4367
1633 2610
1001 1524
2991 6759
8881 9109
1307 1965
1521 4568
6932 8118
8863 9227
4182 6318
3828 3938
709 7450
1885 9636
23 1492
5404 8856
469 7638
2188 3988
1509 3619
70 6680
2097 4961
3047 3393
2217 9926
5786 6417
7176 9261
1085 5620
627 6205
4017 4718
513 4122
7378 7514
2824 9809
4754 6045
12 5462
672 4790
4686 9434
1335 3318
198 3306
2204 3303
9483 9995
1476 5853
3225 5571
3894 5375
742 9205
2999 4866
2488 7911
2595 4866
6559 9977
2146 4143
1334 6930
484 9546
707 3206
4517 8328
2369 6682
1147 2348
1140 3002
6255 6722
1440 3731
4268 5887
1074 3311
2739 2747
3664 3935
7742 9335
1887 3240
7705 8978
171 5023
3024 5537
50 7578
3148 8139
5618 7783
1277 4966
130 9199
3442 4550
3243 4709
5263 9724
441 2929
848 9322
3594 4158
1339 8245
8141 9007
7601 9242
4187 4303
304 2188
236 5563
1257 3948
2501 7962
1988 6234
1662 6487
815 8682
8307 9572
745 2223
132 2585
699 1972
89 4518
4162 8509
371 6644
2539 6153
30 7098
4323 8706
2466 4807
181 7201
2475 9028
1679 3551
4537 9120
3533 7155
2921 6270
6421 9936
6161 8159
1120 4722
9094 9167
2762 6767
203 9328
59 3650
1260 5698
3613 4957
4044 8776
445 8192
331 8504
8312 9441
9709 9745
1745 2931
2583 2825
1413 8898
3731 9590
2887 4578
3846 5109
3309 8323
2833 3392
8829 9338
4719 7099
1133 2503
3362 5210
3662 5065
1553 6263
6300 6986
7012 8853
260 4671
1422 3412
2640 5496
6846 6962
2145 7937
5946 6265
5304 9589
6333 7431
3213 8327
1599 3922
7005 7611
3308 9835
1807 9161
4399 5823
7447 9952
1361 2454
3934 4887
2405 3867
5549 9077
2024 2410
5019 9046
3709 8493
211 1837
70 8624
1010 2761
594 4413
3889 5913
7417 7936
5957 9144
1081 3449
2613 9705
2401 7364
1419 7380
8794 9250
5317 5754
871 7498
1415 9935
3647 4974
5832 8043
2957 4147
3367 8956
4980 7326
3267 9817
7548 7770
3209 4837
3582 9154
114 6113
8158 8922
2433 5470
2867 3805
3225 3314
512 5458
3808 4285
1208 9511
7731 9538
2590 6958
2107 2412
3266 3734
1187 5166
3919 6304
99 8316
9280 9736
2551 2650
1740 3289
2166 9443
2725 7924
494 8405
1689 2783
1045 4019
4363 9852
1785 5777
7741 9664
2792 9006
3994 5351
4398 7989
2235 5493
6138 7420
402 4468
2303 6057
71 1049
2153 8518
2380 7404
1073 7622
3610 8058
3501 6142
2073 4536
3460 5246
302 4597
2912 5748
754 6523
1027 1465
3688 4748
7940 8772
5461 5965
956 8763
4246 7639
6335 9692
3645 6437
4782 6966
49 2336
2434 4113
4774 9189
417 9168
3045 9562
865 3515
1493 2157
4516 7905
2045 8260
277 6977
250 4877
3758 6943
7083 8402
9798 9934
6768 7455
616 6017
2851 9938
6897 8792
2733 6944
1012 1555
5761 7686
2258 5038
1489 9583
8229 8543
5299 7563
7459 8513
106 8552
263 2741
1160 4125
671 2574
3129 9916
1298 1644
7217 7477
2300 8043
460 2346
5522 6377
9013 9078
5843 6282
177 3983
1488 4814
744 9890
1554 9777
8219 9626
5206 5712
2642 5781
3932 8384
1092 2584
1809 1814
4011 7858
414 1327
7608 9706
3462 6366
3242 8133
7001 7209
8406 9672
1817 4539
1866 7017
956 1277
8398 9966
75 8433
3391 6703
3750 7033
3856 4756
4255 5820
8263 9313
3492 5850
4012 9310
1244 1417
1027 9570
2605 4904
5199 9905
1123 8486
3861 8106
2764 4390
1196 3971
298 4420
810 5101
1974 3933
1751 3342
1403 4513
8154 8551
1266 5567
1755 8761
6876 6895
768 9967
1530 4454
2549 7277
5554 8125
6482 9456
1731 5614
8528 8838
6271 7407
200 2602
3556 5951
2983 5685
1356 4389
5980 6496
5692 8075
2498 5705
823 5336
3867 8812
6590 8209
2035 9609
6044 6713
40 3910
231 4085
659 5137
1988 8550
1952 4821
2831 8637
306 326
9330 9591
2004 7300
2605 6430
2204 4588
1252 3495
1940 9457
3530 4297
2120 4570
8022 9393
4382 8467
2006 6043
3284 3885
7153 8952
706 6544
7984 9593
1479 7402
6997 8343
2819 5877
1015 9521
3155 8791
3963 7389
1581 7344
751 6770
8006 9303
5800 7602
6325 7781
914 2055
7097 8421
2561 9224
5212 5411
4075 5844
307 3428
2359 5355
7696 9278
3626 7698
1507 6812
474 8983
1034 3383
5305 9043
5987 7382
6635 7542
924 8335
4034 7118
2554 5657
2218 9515
176 3788
138 4882
8678 9653
2809 6842
4771 8899
6943 9472
3927 6973
2293 4255
8411 9531
265 3746
246 2444
4531 5461
5128 6823
4254 9003
1370 8149
1637 2894
5911 6487
2487 3021
1595 6955
3339 4491
4085 7762
6215 6971
151 6187
2112 8332
425 7692
4803 8380
1578 3515
412 1457
7670 7763
2175 7338
1884 5291
5674 9251
1195 8601
1063 6179
1058 5611
4156 4336
1990 9028
2807 8284
1566 2396
7363 8815
3971 4907
4975 5168
7746 9883
2058 2917
521 7764
4288 8182
5198 9755
4640 4827
844 6653
6854 7128
1151 8660
626 3436
6339 7793
404 3381
8490 9900
2442 6698
1398 3203
6813 7626
4764 6170
5433 9121
4098 9976
3111 9955
5454 8219
2933 9180
1716 2932
1111 4456
3692 5943
2135 5159
5529 5928
2534 7116
8919 9404
4529 8541
2094 2155
752 3710
2870 5203
1602 4812
7541 9228
2540 8600
3671 6297
2059 3503
7008 7889
1754 8418
6455 9356
740 2399
7910 9811
2176 5914
3448 3584
553 4401
762 6812
7708 7897
415 7656
7219 9757
935 6509
7199 9174
4465 9191
3011 7484
256 6538
5501 7349
1467 4152
4844 5830
1486 1967
545 5222
2547 5707
693 6316
9113 9200
2184 3448
4419 8868
3263 8035
1607 4494
1765 5621
637 1531
5201 7052
6064 8241
6520 6981
819 7825
5963 7449
687 6600
7623 8828
7922 8210
3477 6347
6758 7703
1088 1285
8123 9240
7619 7867
1518 9137
648 4218
119 3806
448 2322
5468 6227
819 8094
8454 9966
1704 7428
2310 8707
3865 9767
296 7865
4678 7441
7925 8394
2041 7274
4731 8222
8735 9000
2235 6306
3522 6949
3793 8805
1976 5387
2269 6175
4081 7504
5592 7316
3278 6985
932 3197
7480 8535
9572 9606
4593 9761
6214 9339
1333 9171
6329 6665
3850 6920
902 9670
4827 8851
7013 7031
2594 2960
6445 8252
146 2628
1907 3360
6311 8969
511 3121
9 384
4945 7189
4219 9070
5813 9419
2274 8531
3969 9908
601 7841
5096 9427
845 6837
2529 4933
1042 4072
640 7756
5888 7378
3878 8844
4740 5911
3792 9743
3976 5916
3573 5009
7772 8944
2817 7517
239 6672
8038 9504
3858 4520
4833 9460
4235 4276
5131 8197
7403 8320
753 2259
548 5648
1718 4845
9609 9950
3722 6149
2118 8598
3141 4658
4330 9977
4896 6656
514 9187
5277 7414
6294 7605
5395 8301
2059 5324
1434 7132
264 3271
3090 8575
2550 9090
1744 8173
8609 9114
1112 2622
6252 7612
5141 5479
2307 8429
4768 6574
4277 5914
2652 6839
1217 5591
1601 1636
1131 3224
2321 5036
4144 4844
1789 2214
2472 7841
4485 9112
4558 9036
5848 6032
4194 8130
1656 2083
2362 8174
2703 9256
326 7029
8176 8862
374 1183
7281 9208
2366 7565
3135 9333
1628 8013
3910 7389
2768 4947
203 2471
5504 7998
8432 9820
2407 3488
5237 8001
7215 8126
6855 8567
6980 7639
3715 8122
2007 5332
5094 8318
6220 9146
4850 8930
1030 8100
1199 7281
6886 9648
4890 9517
1392 6505
7508 9728
446 6522
4223 6607
2700 7485
681 6220
4883 9069
9600 9763
2343 3902
3015 5302
6282 6892
181 4579
6071 7736
5697 6945
8466 9080
1470 6927
493 8103
2851 5417
1582 3553
4200 5320
759 9976
226 4439
1796 4293
4299 7466
3417 6028
4848 9266
292 8280
5661 7986
140 5020
6138 8639
6949 9440
3466 5364
5633 6573
8766 9155
8394 9961
4050 8591
1975 4369
3561 6561
1520 8039
1846 3464
679 9293
5541 7246
4730 9354
5108 9711
18 5342
1559 3703
96 5501
6517 8819
2555 6685
2639 5258
2419 8138
3363 3673
8620 9375
5004 7788
3915 8595
8262 8861
5348 8295
2365 7560
5041 6805
786 3774
1311 7684
4700 8354
1752 2575
450 624
8455 8710
1234 3139
1589 8239
785 5484
9 1792
1897 2926
832 3278
4034 8138
3056 8147
4047 7968
4541 4835
2907 8606
2130 6278
4351 5419
1407 8858
877 6625
1344 7831
612 6873
4203 8934
241 6124
5927 7166
619 4077
5973 8395
4898 5241
1527 8857
6557 8904
5921 7193
965 3346
2659 3766
5216 8070
668 3716
2429 7582
2032 5842
3726 9055
5362 7249
554 4744
3879 8254
4279 8268
7529 8723
1461 9392
995 7588
4223 7024
2149 4842
1289 3717
3453 6459
1180 6277
469 3273
1323 2980
718 2403
5163 8811
1532 5275
2159 5373
941 1622
1948 7939
580 5389
2288 5396
939 5975
943 9218
3870 5746
2797 3575
5626 7216
8108 8882
2102 5728
3969 9537
576 5238
463 6887
6241 7879
3256 5555
8281 9592
3911 6760
4831 5473
5272 8401
549 4132
2579 5155
1342 4767
7368 8600
1263 8459
2027 2682
1909 9752
8685 9704
9207 9393
1429 9298
4070 9998
4888 5031
1280 6873
74 5133
579 6871
1979 7223
6314 9734
1104 5483
1558 3196
3970 4816
502 4705
7472 9287
1515 7748
3111 9897
3810 7106
7916 8522
700 6123
3232 4198
1466 7872
5683 5798
2332 4116
1702 7173
2156 8565
237 7584
5137 5437
1063 6788
6956 7321
1949 8545
1678 4015
2882 3559
8544 9408
827 2325
4231 9538
2739 8450
1982 9212
5434 6066
3439 7446
841 6395
2699 8983
7183 7352
5762 7472
227 1349
970 9019
86 6354
6178 8515
1073 1949
4479 9311
569 6715
442 8272
2181 8067
1144 1873
5087 5902
1158 7847
2351 8454
816 3736
5556 9422
5645 9463
3851 6891
3331 8117
3846 8666
5751 7893
329 8990
2283 9331
861 3447
1324 4803
1928 7997
4650 7678
6861 9425
635 8371
1445 6062
1876 7126
584 5805
4477 6565
2437 7309
3629 7636
4249 5569
743 5443
5575 6815
4846 5669
9823 9979
145 1970
1657 6647
5030 8728
6850 8577
4720 4856
623 4260
2316 5149
4872 5589
6246 6438
734 1850
19 2259
212 9276
980 5150
6216 9971
2420 8025
5192 9771
1775 2881
2486 7936
4139 9611
485 5886
373 5318
1377 4927
2012 4107
7575 8080
5686 8131
3329 9245
1504 9470
5093 6982
2452 3895
6026 8326
3940 4643
152 5505
1278 2348
9652 9749
135 1874
4939 6454
6978 7436
6088 6934
432 8186
1983 6724
5898 9370
2177 3133
1498 9876
500 5012
1397 4697
1631 4236
6090 9027
5872 8641
6569 8428
917 2422
662 5475
1468 7239
7624 7969
5107 6664
1135 2936
1437 9580
193 5073
312 6292
3004 9370
3863 4759
1281 1402
1618 3542
3995 5203
4422 9844
8182 8276
996 3661
5667 6470
629 1827
161 9218
3472 7260
4611 5663
2886 6050
4078 5622
60 6238
782 8228
6827 7565
3809 5408
2655 7932
4670 8249
963 9340
6766 9607
1942 6411
6599 9905
3767 6617
8096 8258
3578 3636
4591 7357
3823 5627
3668 6232
1548 8226
2385 2796
1567 5979
6191 7260
3811 4615
3320 7722
2211 2309
6012 9282
2966 7687
1502 7087
3981 9826
1351 5526
2825 6898
9534 9940
3738 8962
913 2768
315 3606
306 3903
9301 9568
6692 9495
3423 4744
7356 8214
6665 8503
6440 8550
2538 6135
1417 3126
2219 4652
5205 6373
852 9418
1710 9413
3646 8025
1083 10001
5500 8466
1092 7379
2116 5254
2266 8253
5064 8909
658 2139
4407 6621
3369 4969
1674 5766
520 6796
946 5415
7656 9349
5449 6671
581 7921
2450 4227
6942 9482
4527 8085
2662 9813
3681 9429
658 2045
247 1510
2988 7931
6789 8509
4230 7659
3633 4403
5408 5796
444 2749
6324 7568
366 9779
3585 9795
7127 7491
3555 5154
4209 7547
1227 9998
2689 9750
1923 9082
3474 7503
4379 9144
6983 9311
5372 8019
3791 9351
4901 6843
1749 4309
7035 8570
6750 9951
6911 9688
6447 7235
2946 5274
3832 9763
6354 6933
1810 8516
3000 9524
2938 3529
3541 5086
2154 3284
2372 6913
3535 9061
952 4457
5516 9504
1743 6345
6605 8305
5272 6782
427 5660
226 957
1680 2314
5789 9042
2507 6576
192 3810
6004 8462
2213 2255
5840 7430
3377 7192
7830 9797
1816 4811
5396 7166
7328 7871
2152 6014
2920 5718
454 2142
491 7294
2548 6971
5596 6455
3335 5517
2203 4832
6349 7191
1178 2268
649 7438
218 9421
1390 8191
7448 8542
3563 8035
2373 8549
179 4648
1177 4554
4493 6001
2629 4690
2427 3801
1912 4499
3329 7881
1793 2576
3099 4458
1323 4163
2712 8224
890 2139
2757 8065
1605 6456
3373 6093
8050 8052
5016 5394
728 2155
3591 3669
8216 9201
2125 7702
5459 9493
3771 5202
1010 7331
3451 5703
544 5957
470 9206
6558 7063
4962 5549
6160 6774
633 3116
595 6034
84 3171
3310 3577
1406 7004
5284 6590
3405 7387
1778 3980
1459 6224
1016 9637
652 5630
4286 5809
353 5460
5836 6577
4250 8642
1612 2647
6275 7723
6142 8008
75 7601
5559 9621
4138 4943
5890 7824
537 7689
356 5821
878 5940
341 5150
1870 4043
3401 8420
687 9323
1004 4475
532 4920
6866 8290
573 4855
7 5668
3153 3456
674 3421
6526 7948
5052 6832
3301 8688
1956 9281
7 2970
7648 8507
4732 6251
8256 9971
2656 4249
2485 5814
94 1236
7481 7930
734 2079
6819 8623
1640 9954
6938 9597
4645 6389
3516 8876
3901 6778
347 8922
2537 8318
3340 6093
6537 6646
4727 8104
6022 7617
2743 5425
1125 7905
2230 7539
9389 9886
5357 6934
2616 3257
895 4384
3814 5211
4166 8303
2007 5338
5997 9803
4494 8814
3119 7316
5066 8572
97 2271
2043 6477
283 6452
5182 7324
755 8221
7589 8767
6561 9805
2766 7690
5378 6397
3197 8091
2029 7744
582 8790
4397 4587
798 2227
5456 9315
3580 8592
3226 5329
602 8073
8020 8294
409 5446
2702 5235
5359 5430
1813 6077
7599 8443
1435 9636
110 8104
67 5439
1715 3214
6000 9366
778 5527
455 883
9595 9831
3544 7216
6301 9231
4452 8143
1000 8113
1470 2985
1325 1666
1823 3735
7056 8865
2137 5779
4684 5346
2890 7131
3025 5632
2137 5834
354 1074
7474 8736
1698 3950
1361 3912
1076 2356
2090 9931
5171 6159
1586 9390
2248 8005
6098 8582
3063 8926
3032 3820
5027 7604
434 9060
6871 9725
1984 7044
3182 3823
5282 9212
5139 8056
3600 4176
5098 6968
2648 3245
1861 8950
4412 5544
5712 7974
1403 3659
1957 8427
2227 8086
6931 9819
1341 3112
1291 6249
2859 7774
1400 7651
875 7217
4458 9485
3760 8004
4547 9482
1608 6704
565 4585
2937 4144
4449 9401
5316 7410
4798 6118
48 3273
92 1225
2096 7791
1475 6981
3572 7987
173 8788
529 2691
4169 8723
2543 2949
5217 8320
972 2973
2828 8928
3880 6114
3403 9079
6795 9533
3190 5345
1955 2550
2305 5745
4385 8883
7256 7501
3822 6076
4354 8651
3097 6162
184 7290
4283 4739
707 9157
7172 9710
6448 9541
7718 8529
1087 5176
1310 6389
1375 5988
6825 9611
1916 7928
486 3167
2753 4795
5106 5603
4753 4875
118 6836
1709 7706
4788 9773
2133 3346
457 993
2012 2867
4824 8236
1188 5502
2914 6911
443 7320
3003 7312
3545 8923
3514 7070
2784 7713
924 2101
4254 4584
2669 7576
4885 7240
6798 7760
2038 8790
5464 8346
791 8534
4498 6264
1405 9149
724 9679
7862 9698
1532 6009
3115 4850
2123 4433
1327 7437
6281 7218
8683 9326
420 8813
3901 5446
305 5284
4723 5158
4112 6961
5224 6363
1537 9190
4462 6629
611 8966
7561 8063
2522 4180
4769 6700
3086 9902
8833 9622
7634 7771
5946 8593
3796 4526
5713 5722
5053 7425
1163 9418
3374 4045
1806 9304
6128 8096
3833 4738
7634 9857
558 6745
5067 9985
926 9004
2476 2858
7556 7588
2649 8721
6717 9160
5059 8955
1889 4301
7150 7903
1338 7210
4472 8635
1099 6554
3733 8941
1576 8796
5859 7042
6409 7949
5391 7294
4440 5982
259 8974
4865 5450
4804 7790
4821 6262
2633 3387
6338 9131
4378 7205
205 7022
8588 8996
34 4112
3252 3470
4579 6028
8467 8887
8847 9318
1098 2114
4423 6099
5822 8105
370 9943
1104 3696
276 5050
6808 8259
170 9822
4099 9699
540 8926
8137 9110
2499 9897
985 2100
3898 5937
2239 4289
6357 7845
1235 5248
1848 3275
5757 9801
3644 7592
4000 5278
5960 8951
3264 9005
3422 7371
2583 3648
5709 7889
749 4377
98 3074
7844 8333
4165 9391
3871 4773
1005 5742
2490 7229
4603 5405
73 9963
4613 9555
8121 9376
1452 6073
1932 3256
3211 7620
333 8012
1929 4663
3525 5903
1164 2370
6349 7521
5706 6744
6334 6802
255 5020
1209 6169
575 2254
218 2334
2169 2497
2414 3077
120 7892
3477 4665
1571 2914
659 9802
965 3978
3093 4527
215 7162
3193 9402
1247 5368
5245 8546
5112 5179
4256 7305
3332 9025
253 8777
1355 3644
3252 8194
2051 5376
7116 8732
2675 5123
7252 7707
2262 7986
2729 8409
992 9324
2611 6662
5533 9053
1677 1936
456 2374
3431 5512
9127 9830
238 365
1318 8347
2309 3844
2800 4340
690 4023
7154 8514
3543 9058
7184 9991
2061 4875
131 9888
7258 8013
5577 9330
8059 8989
7420 8695
2462 6336
1197 4956
434 2464
7637 9623
3159 5783
6649 9603
6721 9557
54 6192
1031 9598
1947 6699
4899 6787
4681 8702
3132 8608
5595 6257
2711 9229
6294 7388
859 9580
4138 4602
4337 7850
6774 7443
2387 5804
5877 6728
3187 5499
2203 5080
4229 7301
3175 7848
2277 5542
2501 5169
8329 8476
6037 8797
2562 4834
5818 9789
8948 9111
1487 1944
8226 8712
5312 6805
7350 7934
1250 1977
4234 9695
2972 5932
2158 4641
5921 6571
3652 6025
5103 5699
3679 7667
2504 9616
4086 4747
541 8414
4889 9308
256 9709
2170 2273
5865 9608
4726 9039
1736 7512
3238 8293
2551 8102
2994 3359
4080 4779
1673 7393
3016 5221
8044 8260
4647 5899
906 3506
4925 9634
5165 9188
7155 9473
692 6198
7832 9474
4119 7410
4595 5629
7273 8124
5797 9204
4653 7943
4724 6219
1302 3330
1057 9474
657 2457
2636 7001
4402 7189
1551 7569
1382 4139
2782 2871
4529 9833
1854 3872
1444 5656
1456 5133
3471 3587
6461 8098
503 5247
4581 7090
6568 6603
786 3130
879 7735
907 7204
3220 7481
713 8133
2417 9277
748 3222
4056 5642
4569 9584
1221 2814
261 5010
7289 7301
5577 8989
3223 9288
2564 9867
649 2881
137 4622
1989 4141
3741 9571
4105 5789
7321 9838
5457 8423
2601 5629
4622 6343
4732 7268
836 6738
1183 2360
2009 2074
488 5420
3450 4983
2238 4030
4502 6731
461 9136
1462 1998
1037 5122
6189 9260
1475 4604
2207 2264
1957 1962
711 1182
1546 6931
1853 3484
1944 4158
6666 7840
1561 2915
5036 6905
2469 6633
2715 3326
1575 3165
123 2755
5416 7545
164 3816
851 9071
5420 7890
1152 3461
4437 5216
6638 6835
1062 1651
8592 9024
1319 2804
3338 5259
209 3366
114 9812
761 2472
118 5519
5787 8800
4365 6756
4274 6283
3505 7124
1933 6327
4694 5836
2592 6982
3947 9088
3994 6383
4711 6010
4762 7356
1173 2477
5653 9433
1533 9707
44 6535
9392 9744
5382 5514
4267 7766
4368 9465
4546 7031
6711 8334
877 9016
7507 9181
5319 8901
37 3670
2706 4906
5609 5906
5531 7909
6473 7277
281 9690
3166 8163
3426 4386
1177 5935
960 4956
3371 6975
5690 9358
2654 5711
4013 6658
1915 2744
1234 8440
5362 9860
7050 8921
1592 7473
1939 4847
3390 4727
1855 8958
4793 8787
2425 5571
2850 9577
3745 9889
4276 6639
3400 6894
4184 6280
1896 7303
5000 6254
1921 9774
4840 7257
577 2791
2737 4438
5266 9870
1531 1768
159 5212
2632 8501
2487 2771
5988 6845
1018 7280
1617 3291
6149 7967
3198 8319
2660 7395
3028 5487
5086 7777
376 5541
1945 6483
3854 4345
2765 4061
1761 3555
1346 7616
4166 8771
3049 6129
1370 6970
3210 3232
69 7867
1868 5591
2917 6572
163 7390
2603 2714
4104 7084
2294 7606
2566 9452
685 1353
443 6495
737 8839
4559 7386
1958 8991
395 2224
1738 5495
3975 9238
5655 6407
6242 7320
3857 9132
8005 8472
3535 6085
9223 9774
5482 8161
6524 6915
2391 2669
1460 6433
53 9904
7667 9614
3907 7590
883 7870
3689 7864
807 3505
5441 6087
1094 5490
3685 5098
640 9617
4022 6880
1898 5829
1801 1861
6195 7086
20 1960
7120 9421
2512 5181
688 8450
3792 5938
6069 9064
1392 9399
3837 5724
2436 5104
1259 4912
8676 8887
158 2148
90 1954
7062 7173
1430 3500
4786 9906
5695 9090
1239 5759
2428 7745
5097 6604
2967 9357
3288 6964
3565 5356
4358 8403
7464 7968
3697 4829
2758 5159
5971 6694
7171 8999
33 827
2015 7625
3680 7506
6145 6923
1547 7814
826 7423
2596 5252
3958 6462
3865 8795
3131 6230
2003 8263
7181 8807
1466 6398
5339 8363
2831 9478
6131 8211
375 2432
8603 9615
147 9764
615 9000
2408 5647
1093 2646
522 9411
483 9035
3435 3461
1227 9214
892 5684
1336 2053
5030 7503
2980 3249
154 7618
390 8824
579 1928
475 3083
565 8616
1262 3724
270 4052
2094 6224
7400 9866
2889 8752
6844 7717
1154 6714
7276 8936
8785 9772
878 6261
3183 3353
4675 7204
2834 4788
262 908
3013 5276
7343 7895
2589 6119
4341 6984
8882 9517
1960 9128
5200 9963
7985 9531
3003 7681
772 9512
7908 8469
324 7813
5540 6916
3087 7519
2797 8855
3017 5992
4433 7300
814 830
6453 7515
493 7036
5310 6104
4242 9512
1332 9104
1603 3208
586 7551
1625 4723
1047 2884
6625 7013
978 5358
4762 8525
2944 7199
3217 3993
9603 9818
3546 6341
4760 6917
5775 7887
4043 6547
34 4657
342 2568
2673 4016
1930 6676
2817 4393
458 3730
5585 5663
1583 8760
4785 9875
5448 9080
3552 9363
4171 9364
28 1345
3248 8223
5658 6836
808 6044
3314 5011
835 7901
4113 5307
240 7093
257 4733
782 9045
995 3061
2679 4446
987 9205
407 6479
1315 9845
1655 6851
194 1729
5156 9155
5370 8358
157 4921
66 8715
3350 9297
623 4111
8990 9377
4211 4886
1159 8640
7874 9965
8256 8778
8571 8809
3602 4644
18 7471
1862 9214
4198 5378
4559 4941
4183 9758
2417 6002
3755 7535
6980 9939
7775 9296
2773 3185
708 7445
2186 8549
875 1937
3149 5124
6880 9013
7046 9619
20 1863
5079 6493
5431 6600
960 6596
6674 8212
1176 3566
2225 5347
3163 4302
2896 3812
5242 9320
1097 2948
2525 8063
4109 6461
5000 7323
6849 7240
15 3101
5072 6530
3008 6015
5576 5970
3114 7009
2522 4960
4946 5294
3007 4868
957 6661
1016 4628
946 2815
3316 7146
470 9576
4644 4987
8304 9660
3562 9652
3818 9087
6079 9644
4521 9295
369 6619
4655 8828
4567 5758
2151 8530
3611 6244
2861 9929
4178 6348
2056 3876
1647 7221
4476 6718
5570 7010
1724 4303
3067 7424
1986 8056
911 6198
459 1308
7739 8367
3218 9651
2446 3985
5083 6538
3742 5693
1245 9344
2127 8341
3395 6750
4895 9204
323 8750
451 1431
6100 7182
380 4986
5729 5915
8867 9959
4281 6206
2072 2720
2234 5371
450 5748
9724 9968
5100 7295
2626 8278
1769 9916
630 6691
5047 8666
5267 7586
4857 7861
1093 5949
7319 8635
4863 8898
6390 6688
2023 3740
1868 6414
6140 7114
1202 6196
165 2241
8287 9431
71 7734
962 9256
7192 7566
1615 9663
571 6052
8979 9417
388 2698
2087 7926
3069 7669
4060 5110
8431 9294
644 9641
7011 9834
1911 5740
1054 6623
2714 3799
148 1049
2196 3282
1661 8667
1812 8330
6783 9341
1977 6300
862 3383
9134 9917
1956 6240
546 2738
7108 9900
1722 4286
2930 7962
1733 8464
4245 7330
1108 6908
3893 4108
3352 8657
5959 6126
4204 7079
1852 3063
617 9590
7851 9773
1623 5480
3895 4671
1100 9509
7794 9730
4309 6210
1068 8749
2383 2862
497 5535
2641 8183
715 5578
1914 3655
5960 7774
1353 7073
247 1787
1317 5513
5754 8619
586 5401
1697 8120
7396 9914
2249 5515
2028 8059
2144 2409
476 1309
3498 5116
3379 7523
930 4757
563 1734
7237 7376
8590 9992
2344 7759
129 3885
2465 2916
1283 8743
2276 6021
3666 7898
2621 9787
1119 6003
2516 8739
654 9500
1625 6047
3560 9673
7030 8460
821 2906
893 2281
8446 9780
3431 7367
4781 6506
3583 9754
2138 4132
4589 8004
1320 9134
3324 9937
5207 9744
1872 5560
7186 9754
2251 5698
3704 6870
7483 8581
39 8762
1317 6807
5412 7545
4114 8854
2376 3457
147 8614
5169 5518
681 3600
945 3279
374 5210
530 5230
6395 7306
7668 8221
1726 1750
150 1858
7433 8943
3161 5815
6112 9677
267 391
1156 4212
7615 9012
350 4777
7591 7919
2291 3646
1068 1136
1983 7176
8587 8917
2276 8151
237 973
1409 8270
3059 7479
9305 9353
1098 8546
6408 7376
2751 5013
6821 8428
756 1052
1081 1623
1325 8119
3112 4094
3397 9582
3116 7025
221 1402
392 3588
96 4328
971 9661
3226 6822
608 2661
5870 6194
7131 9495
1662 2215
1265 1995
566 9793
1485 6769
7060 9118
5315 7269
165 5559
4324 4604
830 3605
7146 9519
1185 9231
8908 9731
1628 2065
8724 9161
4074 4958
8984 9805
3883 7969
7619 8267
6898 8947
4654 4677
6642 8314
1706 3438
7352 9831
6861 7902
933 3494
217 3813
379 9708
9828 9994
6790 8880
2668 8746
173 3179
704 5922
1360 5878
2339 9658
2014 3684
1264 2683
6701 8308
951 9778
6864 9981
4424 5234
4751 8468
397 4590
2921 9024
7573 9415
5866 9591
7995 8964
5005 7091
2635 4874
367 9667
716 3599
6095 6628
1427 5936
966 9731
2071 6000
4263 5114
5634 8701
1516 8656
9273 9514
1599 1832
4419 8353
5453 7593
8249 8905
5524 8405
2419 2434
6565 7261
1614 3767
2352 3347
5673 5868
5826 7134
3014 6811
9357 9507
9072 9720
4884 5055
1483 8774
2698 9843
5772 7397
5537 8206
4395 5255
7534 7715
3485 8936
3239 9420
603 1999
4102 6882
2581 8177
7632 8568
8591 9484
2619 9881
4367 9158
4243 7089
2838 7776
428 4735
950 2532
4240 7758
1919 7447
6189 7197
6359 7214
467 1725
3797 7139
519 1857
4133 9050
6193 8999
4243 7660
420 4192
357 9315
3673 6200
3747 8227
8656 8923
1371 7165
1499 8599
1807 5046
614 4754
889 9689
2021 4847
7437 8822
2300 9769
3593 4585
1665 9539
4087 6714
5243 7489
2298 6253
3376 8874
993 4051
3523 4616
1261 7377
3900 6614
1803 2779
2730 9086
312 5726
1727 6372
2900 5588
789 3690
2023 8583
1210 7360
5670 9936
8069 9471
1757 4318
5435 6991
1560 4317
632 1100
903 8402
5023 8103
5434 5852
1149 3144
275 4354
2836 6744
1432 4252
4685 6730
2838 4524
6675 9874
1808 6476
7111 7474
2142 9585
7771 9217
4307 8660
479 3873
1267 2788
1955 9361
5058 7956
7480 9283
7950 8413
180 8007
289 3122
6636 7549
233 8081
3066 9135
4351 5566
983 8960
361 1011
4689 7914
307 6086
1044 7625
2416 5353
3642 5453
153 9601
1648 5878
4253 6695
6263 7345
4739 5188
6010 6924
3737 8727
6059 8879
1251 6655
5794 6279
9149 9347
311 3890
6569 6996
3615 7694
1483 7263
5121 7188
6923 9229
2815 3348
423 5841
7003 9865
781 5126
6165 8773
3997 5427
3004 3098
6204 9409
2150 3649
4855 6757
3491 8868
3180 8932
2691 4525
5432 8162
7254 9378
5489 7152
5534 9816
2989 5920
7627 7649
1830 7546
6615 7582
2934 8825
3036 3076
5823 8134
1241 1768
1795 7773
5853 9995
1934 8959
8037 8432
6887 8121
2562 2879
1906 2935
418 5774
1299 8569
1202 8720
3842 4619
1369 9795
599 9685
3211 4730
5220 5536
799 4199
8573 8860
23 1739
3688 9782
3972 8124
6893 9167
702 5863
2549 6111
3479 9448
4615 6375
746 8106
3343 9682
1286 6054
7383 9557
3632 7782
1714 5801
2277 3378
4414 6729
6374 9536
7274 8028
3254 9030
3286 4190
1792 1990
8547 8905
8386 9236
551 3870
363 3986
4936 9555
5896 8834
764 6947
5517 8781
2446 3667
2530 2567
1141 7317
1222 1254
1014 9348
2780 7047
729 9110
1934 4338
2645 4843
258 4405
1849 3045
2898 7857
473 7168
1607 5743
6471 8556
7203 7584
7369 9103
2260 4300
1503 2104
6500 8540
5168 8902
6543 7004
400 9792
5398 7655
2888 3874
741 2488
1924 2556
8383 9819
1372 7993
3034 7267
6111 7513
7740 9785
2883 8215
5321 8230
2680 4443
1053 1130
553 7044
3742 6866
3638 7355
5855 7382
3786 8014
6513 7764
4863 6767
4258 4937
431 531
1106 2523
6329 7222
866 7195
3285 9705
5677 6653
1683 5249
7476 7836
647 3744
6405 7289
11 1739
4705 5432
1205 8782
6181 9779
5608 6636
1005 9548
2977 4943
6067 6437
251 1968
3121 9944
3443 5639
1381 6404
1189 8848
1682 5904
1280 8971
2216 5873
7157 8487
7057 8753
705 9913
3096 8160
2774 4897
2274 4033
5763 8392
1528 8679
4488 6187
4224 4451
394 6974
693 1734
5157 9156
1038 6391
4151 9933
2853 5253
2496 7039
3443 5608
167 6862
4864 9909
1671 3818
212 4540
1222 8433
403 4794
3307 9227
869 4007
7238 9912
5884 6672
3592 9574
2119 6164
4444 6061
5828 9071
926 5449
1443 5753
1729 3784
610 4453
631 6894
7510 9142
863 4193
1917 4004
4154 5298
741 6184
1525 7857
1286 1529
4486 7413
530 2289
5497 8838
335 6427
1538 7898
3622 6536
274 4929
5264 6520
4738 6211
945 5505
766 7461
2826 7611
1278 5416
233 6362
2853 8494
2599 2634
5191 5231
4376 9983
1680 2775
2358 6979
1544 9273
5782 9183
1263 5327
937 6822
3912 4499
4069 6818
53 4313
578 4426
5735 5807
5381 7440
2336 6575
797 2587
969 4101
7285 7495
5096 8389
330 4794
979 7650
704 3321
266 5936
6380 7609
7262 8879
2484 3044
2133 9893
4075 7081
4344 4780
632 5489
6817 8144
271 3785
9164 9430
8397 9411
4357 9162
3583 7111
8277 9310
3683 5938
1283 6658
7279 9804
1279 5375
5887 7241
1246 1274
5350 9031
78 4953
603 6789
240 5871
1101 1258
1541 6139
1794 8400
8029 10001
3177 7718
7906 9455
97 7975
629 6689
2893 3739
468 6107
2470 7594
2489 8346
4483 5015
1185 3089
6243 8376
3841 7951
3239 8913
6392 9097
1322 2064
964 2246
5995 8966
7161 8261
4660 7756
1574 2032
7120 8048
4383 8631
5413 6686
6156 7806
1411 7315
1732 2874
3886 3983
1653 7363
803 7689
87 8283
6882 9644
3501 6277
1205 8514
5725 6525
76 6652
1557 9955
5253 5812
2951 9326
3604 7778
1318 9987
4461 5790
6342 7912
7822 8473
7113 9721
1425 7752
1864 7919
101 7061
8191 9264
3532 9565
1847 3831
2690 6027
6060 6831
4369 8668
3686 9085
2526 6702
2828 3887
5630 8816
2347 3584
219 8300
1888 2270
3352 8530
1214 6276
1292 3247
4429 6446
6023 8031
7292 9522
4040 6489
5918 6385
528 9416
2099 6988
1264 8831
466 7418
1211 4599
7983 8337
7408 8202
185 1634
2191 4331
5507 9455
167 9523
2800 3391
4015 6594
5358 8481
4007 4040
2246 6201
1966 8238
6683 8220
1808 9056
1328 7276
6422 7853
5119 7006
6604 6771
1963 8287
1786 3152
4701 7817
7947 8344
180 5295
1867 7617
1371 3989
5573 8456
1150 8889
6546 8257
5337 8049
128 3576
2335 7051
1563 5228
9120 9863
1900 2019
1176 4147
9664 9799
3370 9225
2664 8972
5628 9604
201 4710
1190 8112
3987 7939
3590 9975
3640 4053
5306 8598
3157 5514
2241 2880
3587 6433
2025 7797
6872 9854
2676 9931
19 3370
1276 5364
4344 4422
5077 6155
4039 7829
7637 8264
2168 3476
794 6924
1379 5110
4211 6428
2941 8329
5738 7767
2973 7994
1095 1569
856 3192
7231 9248
4030 9863
8668 8862
751 9746
224 7342
411 2893
124 2576
3536 7177
408 3679
2162 6368
1673 2826
1061 6621
2355 9933
1270 8850
7203 7805
5491 7958
6141 9556
1847 3406
784 1496
2210 7820
917 7712
1843 4560
1863 7148
7844 8596
6383 8448
4051 9766
8931 9993
1363 7359
2049 6995
1116 5037
1614 2878
3311 7811
490 3173
549 3914
200 9665
813 9222
1115 4552
5126 6967
6593 7160
2135 6549
5553 8279
6367 9432
794 5807
7979 9268
5704 7092
1762 2821
1701 9715
8316 9702
4580 9843
3434 9265
8804 9536
4567 9619
727 3740
6482 8537
308 6400
3128 7236
4533 8848
3117 7137
2805 4683
2596 2945
3762 8613
299 4968
507 4063
3258 3528
3483 5596
342 7610
3586 7766
2709 2987
46 8756
2478 5094
1078 3264
2449 4208
928 6794
24 7432
6169 8683
1574 4787
2165 3217
6897 7072
7906 9973
5130 7662
5822 7654
3447 4972
840 7040
686 8453
287 3404
5882 7555
1609 5139
1113 6323
4843 9059
8045 9797
429 4145
897 8682
4955 5288
3312 5563
4348 4670
1366 1690
8864 9352
4704 5947
2643 8040
4586 9554
5500 7443
436 4954
1549 6450
780 5821
1069 3067
2162 8776
2154 5347
4110 5574
834 7677
7164 8190
5445 9898
1619 4530
6802 9014
3043 6748
2291 3618
3724 4455
337 4854
7550 8920
2222 6361
5303 6350
2533 8741
4849 9584
4308 7124
2226 8738
1854 2071
1305 4818
2341 2672
1798 3407
7550 8208
1170 4612
4430 7858
1695 7552
3331 6807
6254 6720
2730 7587
2778 4063
3923 5118
1301 9361
2793 3504
1065 6475
1708 4940
1520 5504
3866 4315
2077 4401
670 3325
1725 3156
2650 7212
1903 3108
3973 4701
4311 7950
3830 8425
392 5440
315 5678
5773 5963
3489 7977
3486 9577
4294 8078
1136 5293
295 7315
4862 7966
1569 9435
2184 6105
4479 8916
5704 8475
963 2614
3510 6177
4095 8264
2465 4294
168 2445
3480 6478
3261 8114
1565 6118
4471 5136
2183 8369
950 4129
1998 5175
3955 8560
3272 7460
791 3189
517 9332
1657 9529
3769 4431
184 6011
5202 6176
771 5681
6979 7488
41 6332
3830 9990
4891 7613
3568 3853
3826 7502
2913 6804
49 7135
1260 2128
1434 1975
6331 8229
8313 9106
1735 4440
2205 9186
5140 7525
4502 6810
291 4534
5858 8455
7983 9251
152 4926
2478 4935
573 6726
7291 8149
6337 8475
231 6170
6753 9085
189 5847
2357 2608
55 8653
1055 6274
3582 7372
2763 9224
1303 4305
345 682
6666 9127
564 9620
6065 7713
1405 4268
542 7696
4091 8956
1501 9391
5207 6649
7468 8689
2667 8386
1842 7202
925 7524
3061 8360
541 1693
3529 8023
7258 7724
2731 4121
5287 8148
4484 6035
367 9249
1455 9255
1028 8583
6990 8690
1110 5824
7150 7673
723 6364
5833 9806
3656 5335
5100 6580
770 2375
580 4408
2297 8298
2213 8754
7923 8916
1536 9738
833 1484
3240 8874
6101 7347
1879 5147
100 3115
1056 1818
1810 3470
2919 6343
6297 9647
5308 8925
3996 5033
2392 4423
4991 6156
1606 7976
1841 7581
2902 9866
4103 4685
3624 4698
6992 8645
1668 1917
619 6228
3957 9133
5607 9714
7868 7981
6945 7328
5296 9877
57 8024
4532 6273
4677 9727
3504 8224
828 1055
5330 7847
5175 8717
1384 5344
141 8086
3208 9344
2823 7104
6705 9519
2278 5845
3961 9097
572 2879
4102 8275
2433 9442
6326 9267
1846 4645
882 7940
1617 4660
1587 7925
4549 5173
2422 5883
7195 8479
6532 9402
272 5871
1824 4796
6421 6675
5387 9259
715 9643
6276 9221
643 9948
691 6643
1494 4465
4270 6915
1284 7165
6848 9601
9226 9676
1408 2697
3106 6555
4522 5965
6065 9801
1293 8351
2413 3882
6459 9527
3167 8690
7732 9070
703 7248
1053 9587
3095 4407
28 2843
1266 2062
1077 7218
8150 9172
3492 9135
900 4232
631 1300
4555 5697
4629 5595
1316 9597
3456 8175
3287 4189
2719 8938
7821 9694
1883 8630
501 5676
4371 4617
2745 5574
325 3514
297 2070
3930 8685
2199 4214
246 7757
2209 9185
3482 9639
4981 9095
1433 3437
2316 5536
1097 1436
1141 1621
5269 9169
169 7657
6357 8135
2846 3349
1584 7007
9054 9772
3937 6824
2504 2975
1193 4763
1672 2341
4175 9678
3781 7414
2982 7298
3799 6872
1066 9286
998 6351
2458 6192
5249 8621
5025 8870
595 1782
210 284
607 5428
6431 9604
7167 9032
2199 7145
4093 8768
6338 8083
5861 9988
4651 5749
760 7407
2018 6869
621 787
4216 4913
1478 5961
6697 8344
8474 9867
465 1910
1388 6937
1497 3237
477 8325
5062 8913
2618 6765
4815 9920
891 7685
1324 5222
439 738
2002 5782
5702 9806
747 8267
5521 6038
5710 9996
77 3940
1385 3844
2635 7853
6660 8817
2808 5597
3401 6309
5970 6610
4751 5989
976 3086
6023 9136
3098 8764
5180 6079
5224 7222
1730 6662
2974 5775
127 1773
910 5171
6664 9860
1230 8810
7211 8775
2994 9178
5800 7128
4045 4201
5682 7624
9348 9907
5580 7383
1517 6627
3083 9550
1523 7558
2890 6077
2427 7234
1099 2827
263 6647
1170 9740
2323 4820
6818 9678
5240 8061
860 1485
1070 1321
6722 7806
2220 4937
3332 7753
1629 1748
3023 8694
1814 6681
7918 9202
3833 9824
3706 8297
4384 5831
6394 7978
3455 5731
1552 1851
3685 7879
598 9829
3165 8312
4537 7516
4131 5741
6097 6285
3206 8872
272 7645
1048 8018
9739 9873
2431 7715
6134 6402
1335 6928
4415 7453
3794 8654
1348 3368
4666 8377
523 2051
6408 9337
3046 8526
589 2323
447 683
482 3499
2630 9117
1979 7628
2708 6540
4179 8590
2708 4259
5699 9524
3500 8714
3 9483
1256 2607
3998 4911
7638 8047
861 4122
4962 6071
5840 6032
1997 5716
137 4205
4819 5964
6114 8654
4071 7564
2233 7295
2200 7284
2364 6005
2294 7449
3231 4815
492 4747
8152 9964
4092 7100
2772 7088
1902 7310
719 8903
2811 7278
474 7408
989 8317
5190 6108
8995 9827
6117 8601
1755 3511
2382 9923
2046 6702
1911 6218
424 3516
6 4562
5349 7313
641 6319
1271 5547
2229 8217
3012 6518
2792 9560
2490 5142
4429 8674
4893 8055
3720 7186
3662 9624
4251 9553
6223 6486
2931 4760
216 3095
3078 8397
8356 8520
6268 9037
338 8128
2950 3009
1866 5021
5856 7210
4837 4892
2054 2500
1980 8189
1877 5479
3721 7982
833 5939
5304 8470
289 6148
1033 7117
1951 6415
472 5125
2604 5532
6094 8477
6466 8364
3958 9445
1196 4544
7815 7873
575 2042
9047 9074
449 7076
1642 4777
4616 5073
2385 7237
2830 8227
3316 8742
6884 9691
7492 8700
2662 5082
2594 2678
903 3571
3808 5117
2661 3064
3001 9305
4062 7527
3446 4876
4400 4666
3123 3493
880 4841
1359 1681
1366 2496
384 6526
3859 9194
3627 6751
5493 9368
6351 6922
12 9162
1561 1869
1804 7304
21 9075
4552 8111
7890 7891
6776 8649
763 3085
222 4126
6584 9268
3665 8499
6161 9121
3076 9665
1606 5401
8602 8811
723 6246
6465 7533
4954 5560
5939 8362
4478 5180
5182 8614
1587 4998
3299 4080
5848 8349
3445 9350
921 8336
2525 8646
377 1824
5399 9342
2716 6944
2301 5632
245 3204
1564 3372
961 9827
1330 4410
4620 7663
3365 5885
1733 8413
2625 5061
2326 4950
5051 8877
5734 9896
3416 9842
5727 8863
2481 2644
35 1714
5945 6793
6378 8594
87 7612
142 7803
2540 5806
5794 8195
3615 9295
506 8268
7883 9599
2086 3545
4993 8719
208 1770
5095 7647
4836 8044
913 972
113 1772
5178 5992
1021 8304
2460 3841
8906 9034
2293 9296
749 1463
2163 4686
5172 5931
9420 9919
2789 2810
431 5727
332 1407
3877 9092
1942 7409
7842 8434
8052 8884
6245 6460
5881 6331
8498 9320
449 8518
58 5354
1801 6233
4846 8877
3259 9934
990 4994
2207 8000
667 9686
113 3397
7198 8595
3421 4427
4460 4532
4795 7509
3661 4500
4185 7185
7270 9732
2600 6101
858 7141
5553 8213
5977 8510
4076 6772
2816 5919
1915 3554
399 9854
6469 8760
2694 6042
6791 9302
4725 5717
3173 3293
1258 5850
4899 9314
8980 9210
5900 6963
896 7327
874 8305
2819 4553
396 1545
5081 7856
4679 5229
947 2242
6530 7351
5535 9100
1961 3521
802 9222
7434 9755
3631 4178
3038 7114
1171 2377
1536 2740
32 8580
6707 8709
5085 6293
3536 8087
1951 6616
5598 8277
4978 7208
5163 8793
1514 1523
799 1901
9099 10000
423 3413
4160 7248
3429 9962
1723 1737
6269 8452
788 8893
1973 6868
5463 9122
1723 8942
5680 5895
2138 7733
3786 8092
2524 5407
9211 9352
2286 8142
4976 5561
6550 9486
2440 8540
1469 9540
3598 6907
232 2115
1376 5997
5497 6448
1878 6745
2528 9499
6406 8253
6754 7537
4589 5867
3811 6870
1465 8140
6797 7580
1121 9589
4902 9747
3676 6382
2837 7635
923 1980
468 8289
1416 2088
5651 10003
561 9514
1451 3124
1297 7935
3104 9960
4275 6348
6878 9581
3364 4700
4006 6207
5486 9737
3276 6317
4115 9561
1008 7843
1893 7232
6690 7285
3306 4625
1689 7322
929 9195
3562 8321
248 3938
290 1025
617 7630
383 1577
359 6182
4273 4600
1382 4576
5174 7605
2491 8648
798 5899
3152 9856
1592 2006
1548 8240
5617 9592
4539 9767
1481 6849
722 8251
7149 9992
599 6299
275 5689
1282 3705
5382 9666
6067 9547
2042 2314
3920 5018
3490 3699
3558 4343
4938 9711
7069 8163
6425 9188
4218 5279
1576 5022
2598 8077
622 4706
5061 8715
4683 5325
4664 9920
129 9145
2034 3213
808 7126
3179 7034
9279 9878
2113 5463
339 6376
7426 9743
488 8808
6950 8954
1296 3602
5282 7137
4921 7201
2654 3614
372 7347
920 984
713 6128
826 3159
1888 2008
2 3207
3259 5958
54 202
1086 5130
3965 8677
2762 9545
4817 9454
2785 4560
2018 6265
7737 9640
4164 5326
4349 8143
714 8647
1224 8891
4123 8027
789 4716
4466 7058
3754 8693
9506 9942
7560 8374
6511 8876
755 4568
2256 5465
2998 9946
555 6881
5930 6845
5801 8434
1834 3048
2996 8077
6468 6787
1157 9748
2338 8910
5845 6029
5587 5829
426 9439
2510 5542
2892 5987
2438 7157
387 5009
941 1900
4797 9842
5144 8189
6494 8345
2829 8424
385 7800
7967 9125
498 7629
787 1684
6190 9052
3254 7886
3253 8061
609 1505
1665 2282
332 5477
2665 9953
3082 8756
7118 7738
2272 6062
1316 7780
1618 9768
136 8483
5099 8186
4115 7357
1487 8569
2234 6182
1493 3719
6358 6724
1759 5824
1419 3469
4667 7366
4221 4547
3718 4709
6630 7332
238 269
5602 8442
160 3965
9020 9479
592 1195
5762 8774
1721 6639
2788 5791
6308 6741
3333 7394
613 2856
4554 5156
1349 8310
1649 3543
1164 9171
1018 2218
1477 2193
2068 2784
112 8235
7259 7894
1313 4162
479 1401
1420 2630
850 6958
3899 8218
1688 2317
2054 3017
4287 7714
843 3013
130 5059
2047 6533
3107 9234
2088 5872
1059 4446
2172 9232
2765 9298
1676 7643
354 2617
7398 9493
1357 9551
2627 8843
1039 9651
356 9045
4205 4736
3874 5968
2444 9746
9528 9813
1524 6315
7727 9076
2167 9850
4734 5523
4090 4310
3099 6137
633 8185
5785 9625
536 4528
5499 8806
209 6994
3053 3787
518 3047
3807 7960
797 8520
842 1969
2922 7326
2928 6411
5238 6542
4601 8404
1119 8234
873 7332
620 7015
355 3804
6729 8134
3693 3839
496 7826
4215 7393
2569 5425
7577 8747
265 2678
7460 8793
5081 5999
5190 6518
4364 8246
2536 3220
396 8568
5700 7123
3042 9187
4712 8869
3016 8319
2557 9438
1284 9033
4118 9927
7500 7729
192 5152
2736 7663
2646 2829
3715 9287
1060 9398
399 5991
3493 8499
5109 9631
6171 9364
6356 7534
3809 4149
4859 8965
1346 6950
505 5426
2074 4556
2617 6963
1519 2098
8245 8286
8579 9710
1013 4802
783 4256
4136 6901
4610 8030
1634 3939
6544 7458
743 6226
4157 6036
7829 8463
3652 4389
2820 9870
927 5309
8894 9832
1962 9288
2857 5728
3594 8484
1039 8297
2901 6579
5039 8491
7020 7097
7200 9574
5842 8292
2257 9564
4046 9869
228 2799
2486 4363
1458 1923
1692 5217
2811 4128
1168 3308
8449 8679
7282 8074
2474 9321
6684 9600
857 4885
8097 8361
1686 6930
583 2403
3168 8107
504 6842
1198 3137
166 3109
2425 8939
3806 6615
2396 8820
5104 6723
3680 7313
2982 7544
5948 8372
866 5474
1590 6352
1095 9714
4664 5615
6545 9277
2186 9329
2812 3540
3343 9853
32 8164
4708 5393
115 7531
6280 7433
3365 3608
230 2406
1656 9855
2053 5830
2089 7938
6351 6483
3945 9233
604 5268
398 1999
3611 8574
360 6697
4736 8045
1058 7226
2927 6188
2545 8944
6878 9163
6508 7996
8399 9324
1704 5087
4026 5445
4566 4571
5968 7887
4227 7728
1633 1926
533 2176
535 6424
4326 9567
5952 6838
433 3335
2268 4129
2513 8749
7662 8375
1540 9414
5484 9091
1206 9529
3551 5693
2010 5941
728 9593
5766 5948
675 5438
2298 6162
5268 7411
3358 4826
538 2803
4659 4856
323 6588
430 6736
5007 8850
3110 8048
974 9717
8393 9775
2389 3877
446 8958
4175 4270
3817 9317
3104 9247
1271 2865
3747 9649
6346 6609
2502 3137
3764 8982
4858 5620
3274 9578
404 665
2468 8809
3793 4672
2317 9761
2158 6601
6464 7779
4772 6832
5319 9784
5393 9565
3184 5736
1782 2321
2439 6611
314 6425
5507 7183
4501 9961
7681 9255
5183 9704
1862 2658
249 4314
1448 4718
1648 6837
5001 5531
2388 3795
3361 6380
4393 4581
2249 8244
3845 8866
4038 4097
9507 9930
1890 5243
4140 8164
3186 3473
6632 8295
3380 4379
5990 6405
4103 9042
6048 6984
6133 7555
2322 9657
2097 8168
2238 8574
2663 7904
3432 8533
175 1009
2859 7924
4302 7341
1490 7876
2906 4180
1898 8250
4271 7675
5412 8554
2957 6970
5485 8531
4078 6663
348 3691
2406 3407
4749 9027
1751 8215
1541 1932
3142 6630
1161 2810
2247 7576
3894 7724
1986 2759
2866 7595
3914 9375
746 8105
56 2411
807 3534
6451 7782
1914 2132
1649 6350
2107 5418
5953 6330
1080 2327
2694 6375
117 8435
5093 9684
1529 6529
1078 4749
1748 2734
1711 5975
462 9476
3281 5410
1287 9233
3754 4333
4945 7348
2870 6143
4997 5604
7996 8663
3054 5843
4656 5431
4074 5545
5322 9511
1631 9796
2228 9464
503 7132
1840 2308
2319 2701
4009 6501
5218 8166
3944 5838
4089 8140
2134 9638
1212 5581
675 7833
1981 3511
700 1163
8745 9037
4518 5279
5998 9984
2070 6522
2695 6336
6305 8170
304 5318
7789 8837
5462 8997
4791 5976
3210 3695
1438 1744
5923 9379
3414 4257
6762 7333
5027 8195
5146 8519
8951 9688
2130 6296
2558 3627
494 2454
525 3475
2253 3931
3020 7257
1469 8957
3205 8973
2692 6582
2450 3059
5978 9395
7421 8416
5349 8391
3920 5492
309 1383
4171 8296
4823 6089
765 5760
867 5004
8525 9596
2225 6864
1315 6779
2727 3195
691 8744
385 7790
8740 9924
2351 6107
2431 3979
5340 6595
1786 2657
5465 7220
7707 8439
2368 6250
2903 2923
7683 9960
5846 7076
4408 5667
2597 2976
2909 5386
895 1145
6515 8669
1555 4035
4470 5765
1929 6912
3070 3791
2615 8888
5328 7101
6906 8465
1765 6586
2134 8258
435 1664
3072 4234
2152 9569
2960 7153
3797 7834
2198 7282
2311 2844
2777 5511
8084 8381
1534 5819
9274 9630
3753 7521
9594 9943
6941 9984
899 9941
3568 6275
5149 8408
6681 7615
7592 9197
5674 6730
6946 8135
3212 7227
3572 7719
5433 8281
3005 4435
1896 4909
8494 8640
62 6429
1802 6817
1233 5250
2250 8629
4556 4894
9696 9947
3782 7585
1779 6533
8840 9614
4072 8517
1892 5799
3319 8076
4049 8769
6418 9946
1087 1930
3408 3668
2447 2769
1248 6969
5141 8354
3411 8927
5403 8111
3136 5593
3521 7488
4394 8165
4743 8201
7912 8153
6116 7144
2129 3571
3008 3748
3924 9332
13 1522
5456 6564
2863 9753
3441 6333
8209 9166
5622 7054
3415 9356
2666 8899
4312 5225
234 243
5089 8429
3092 5258
4949 9883
2058 5240
3759 4561
4880 6110
4897 7808
330 8817
3467 5690
235 2212
1433 2855
698 4835
1558 9520
2885 5235
2413 7536
7456 9416
3351 4623
3798 6676
3423 4066
2683 5293
2723 6117
481 1395
2735 5897
6163 6214
320 6191
1162 9957
6510 7770
5860 7904
489 2201
2877 6903
6040 8714
2296 2864
5270 9505
3773 7570
202 1511
3214 7915
3968 4505
3233 5483
1512 9643
2541 2742
2843 5006
557 6344
694 7621
4233 6144
8234 9207
543 2835
4372 6554
837 1905
2572 8060
2363 8920
7266 8626
702 5572
890 1482
3315 5606
8854 9523
416 1627
504 6049
7792 9200
3326 4033
1115 4021
5002 8527
1858 8109
1641 6493
2568 9759
4273 8491
1368 1763
2717 8835
5236 7787
2280 6914
2044 7581
1693 5289
1300 4535
4776 9802
408 9380
2872 3012
6890 9906
517 9659
5516 9283
6007 7322
2036 5760
4793 8902
673 2436
6068 8409
2613 3496
4614 7077
3903 5665
790 8480
1638 9373
9050 9564
1992 2913
899 9176
1728 8578
5312 5679
271 880
183 382
3875 9598
2753 6121
4386 5765
3027 7837
3540 6996
634 6407
5890 8894
88 7894
4825 8955
6266 8016
4438 8872
4355 9861
2984 8537
3796 7358
5352 8339
2263 7009
4591 8387
221 4311
3704 4540
5603 7653
3849 8286
4942 5924
3892 7614
7916 7917
932 2411
9407 9410
6937 8066
5565 7475
9669 9693
2304 4572
721 2313
4059 6285
55 7706
2103 7259
2278 6739
8639 9343
14 1154
2078 4448
598 5264
316 5305
3236 6800
2781 4020
606 4064
4431 9377
1117 6668
4150 8120
757 3932
1356 6626
42 6446
1060 2513
1307 7141
82 2777
2469 7863
3677 7187
4366 4525
1332 7854
9063 9794
413 6154
2240 6720
2388 8503
2737 6824
5232 9885
4049 8649
1124 8703
187 6063
6166 8963
2480 5099
4778 9945
3297 7520
7726 8087
1117 7530
229 6563
2160 7729
124 4609
6258 6904
2453 5042
2497 9498
172 6096
5044 5177
2514 7938
4830 8522
982 8237
26 5019
7415 9567
2794 8485
6050 9535
2437 9029
145 857
2636 4135
6678 7083
2485 3752
2873 9258
3992 7765
2681 9098
9300 9799
5764 6453
1920 7610
1509 3854
5158 5506
3510 8698
7078 9266
847 7742
2390 9847
1490 6504
4608 5062
3647 7931
8015 8283
1496 6757
6902 7244
2328 7372
8636 8912
708 2677
3260 9403
2242 6879
4519 8953
376 5795
61 9932
1683 3725
3387 3526
188 1111
5893 5961
1491 7169
4345 5832
3296 6055
6292 9113
2783 2940
5844 8284
3200 9355
1001 3764
6693 8273
2415 9015
2333 2722
1778 4979
5044 9116
2998 7508
2416 3985
7750 8536
7710 9422
3479 5060
2970 9645
7690 9770
697 5214
6335 6444
5498 5981
2033 8782
1025 4533
3117 7504
5194 9065
245 6209
4878 5041
3127 8375
1686 9837
7085 8929
839 2595
7705 8130
1507 4949
4619 8205
1678 5932
4137 4984
2948 9130
4297 5472
3386 4464
1831 5271
5070 6340
4104 9713
4791 7958
2626 6230
1839 5148
1231 1306
4261 8211
6193 6196
5050 7177
8302 8308
6066 9048
1240 3546
91 9461
4016 9595
6734 9999
3154 7862
319 7273
7138 7633
5404 8526
2026 3126
4627 7139
1756 5286
612 5664
7329 8755
7758 8365
415 6687
2189 5257
2552 9505
2907 4676
5078 6778
886 8860
7018 9605
3409 5467
677 9980
851 9791
4014 9215
3637 5776
3784 7188
3980 7370
3420 6029
2527 8670
5580 6709
5619 6174
2721 6202
1871 8792
4339 5371
90 8410
5861 8971
3151 7291
6587 7482
5231 6235
4329 9331
2287 9275
347 482
1360 7902
7168 9257
487 6954
2837 3417
2456 6146
175 5244
4014 6843
3926 8508
4278 7964
4497 8500
198 4530
636 4212
7308 8145
6696 7804
107 3732
569 4662
6381 9010
2925 6916
1054 1591
9009 9195
2573 7181
5142 9201
4312 6654
1845 9501
8607 8721
8915 9198
2302 9700
3372 7948
4320 6120
4663 5298
5495 9633
4633 5612
909 1365
314 5439
4353 4742
8833 9671
3277 3390
206 2566
1155 6753
3908 9446
642 732
1594 5306
3184 5743
1385 3113
2483 5196
678 8047
2221 3026
5666 8992
5335 6622
2082 5091
328 3158
3872 6272
296 2663
1367 3675
313 6372
3898 7514
2318 7387
4753 7559
8158 8705
5296 8053
4858 9978
559 1674
1556 6746
6690 8917
570 4448
805 825
779 6775
7498 8338
68 1499
437 3080
1344 6962
3916 7840
3588 4563
2653 2657
2400 3513
988 6197
3463 7700
6648 6806
9016 9345
4775 6749
5508 5691
7864 8575
3943 4111
3832 9280
5974 9978
125 311
938 2438
2560 4653
3654 5083
1494 3237
966 8324
6507 6546
249 8496
1821 5971
810 6341
3147 9888
206 442
8471 9286
1397 1706
8142 9371
4225 8185
1978 3234
3949 5040
3884 6027
288 1622
350 459
548 7949
6466 9002
47 733
39 6597
3868 8232
5153 6432
1732 5509
1240 2728
2801 3169
440 2356
2062 9425
2582 7537
3255 7727
1249 3553
4695 4699
1709 3923
2324 8222
5089 6097
2108 2174
5867 9426
4246 4542
4977 5778
106 3361
154 4054
4020 4807
2265 8198
2455 3708
2869 7852
1718 9018
4541 9558
7231 9369
8415 9566
133 4459
6080 6939
7755 9446
591 8378
2020 5557
884 4584
1241 6124
6139 6957
2746 3053
2787 4100
1593 5018
7310 8730
1736 1859
3330 9718
4650 9638
1401 5708
4335 9394
4183 6667
4399 7040
3781 8078
6323 8929
2581 3325
7843 8039
4324 8051
178 7286
1705 4226
1570 8713
6794 7709
5195 5757
1223 4712
998 4406
4294 7074
6096 8593
81 6384
1897 7041
5028 7846
3847 5132
2923 9613
1413 9989
938 8445
1604 1953
1415 2541
3843 7831
1388 6434
1130 9252
3469 9203
1064 3377
4071 9388
3228 3990
3723 8336
792 9450
6907 9211
8451 8644
1096 2129
3699 9632
540 5686
4598 5769
7108 9240
3855 5942
6497 8625
2689 3626
4578 8422
4298 9458
5309 7734
1082 5423
4879 6369
1619 4397
2508 7086
2295 3939
2719 8911
6896 7462
6601 9837
1235 6650
4292 4504
5234 9543
8786 9077
998 7398
4073 6412
405 4217
1404 6932
2157 4600
3825 4873
804 4823
6412 6747
556 3482
758 990
4714 7071
4361 5660
3219 5933
2693 7250
2315 6231
6673 7008
2495 8169
8010 8041
4084 8506
5380 8773
2996 4881
2999 4963
104 5421
5252 9884
4814 5873
4447 6080
112 282
584 9826
3641 4813
4321 6414
929 1424
3891 5837
1439 8183
7801 8093
1690 1835
2295 5926
4632 9238
2685 3977
5398 6685
4608 9342
3466 5565
76 9067
4002 7815
3829 7236
3977 8274
9438 9707
999 9309
1971 3122
3950 6309
7038 7219
1747 3300
8070 8748
6085 6471
2067 7970
1616 4284
3913 6219
6123 8713
523 1186
1831 9823
2556 2997
1677 9108
3202 9152
714 7723
4319 6289
204 9606
2874 9874
800 8694
4481 9123
461 7239
294 7251
1770 8953
5147 6946
1566 7769
7029 9634
879 3079
8233 8979
2343 6303
1984 2435
835 8798
127 1856
5374 8349
1145 8510
1492 8973
788 2190
6140 7725
4548 5160
3406 7621
501 9858
8707 9193
1089 6095
5624 7926
5650 8935
6203 7661
9270 9988
82 9793
7703 8758
3459 5774
739 8671
1882 4918
4091 8626
1860 3269
163 2952
8345 9030
1627 9232
2187 9054
283 6006
3884 8763
1907 6340
8799 8841
4314 6371
3297 6605
3982 8743
2744 6022
2901 6082
5986 9174
1462 9246
8603 8731
7309 7566
914 1696
3712 9289
5436 8665
29 6586
544 2261
3465 6910
5955 6121
2354 5610
499 3425
2106 6120
86 219
1089 1712
2983 8187
2868 8322
7214 7964
2117 7743
139 1598
4575 6157
3595 9404
9340 9732
1238 7375
4825 7809
4601 6109
4001 4415
1129 7644
9169 9680
7728 8371
4805 6987
526 8451
7302 8844
1652 2680
3707 4586
6596 8986
581 5333
7365 9790
2673 6740
4196 7746
398 1880
664 7288
1844 5226
150 2048
6012 6834
3219 3427
608 2248
187 4391
3057 4114
495 5140
7175 7490
4253 6883
3700 8681
2531 8032
1179 8718
5557 9396
600 1027
5337 5860
3088 3732
1244 3694
4301 6728
109 3489
852 7661
8885 9451
6594 9103
1004 2451
1818 3729
2612 3906
5374 9949
2405 2512
2349 7147
282 4483
2364 6901
5724 6952
6857 8023
5488 7095
6790 7005
4582 6659
1423 5313
6751 9426
5040 5193
514 5653
3212 9970
4306 9521
9220 9994
4325 5473
3046 5053
1107 2409
4595 8952
1922 9191
7953 9525
6426 9655
1685 9237
9662 9983
439 9684
9587 9848
4804 9083
3265 5658
1630 6313
602 1954
2836 5016
2231 7020
4649 6108
1165 8669
7336 9970
2898 9091
438 6896
1721 5466
1275 7162
4927 6563
2754 9928
6330 6841
5937 8007
3375 8448
5477 5797
1505 8294
4365 7991
6255 7792
208 887
1798 2381
3490 7869
4295 6761
169 7451
4913 7518
7053 7595
3645 5314
6815 8011
5376 7854
2252 9374
1070 1140
1329 3947
2910 8033
5787 7405
8 3785
1279 8199
2578 3634
2814 8220
596 868
1447 1639
1232 6771
7571 8523
3002 4238
4778 7528
3698 5057
140 662
1667 3402
4641 9655
3123 6972
4245 6613
2912 9558
61 8325
6735 9530
1091 9396
1008 4681
7896 8169
3620 5993
7163 7491
40 464
1789 2383
4159 7112
4929 5815
3282 7287
2400 9563
5838 9719
7452 9367
7263 8447
291 3736
2303 3227
7007 7812
7860 9885
985 8925
4669 6862
3070 9780
9325 9902
2692 9170
1066 3286
196 9148
6772 8366
2084 6677
4161 4874
1762 5828
3040 6116
5616 9962
1850 9864
876 1249
3040 3437
3609 4526
5295 9316
592 5547
2190 8612
5538 6865
122 2822
653 7885
1410 6060
3113 9006
407 5262
4024 5617
7245 7505
13 7522
1320 7191
1129 9693
3780 5525
1559 6423
3468 6017
2443 9794
2337 3108
1261 6695
4460 7810
3961 5131
4618 5280
4373 6256
6784 8900
8961 9650
6628 8613
999 2740
4680 9803
1214 2025
518 2192
3205 9092
295 9530
3690 7881
5204 5711
515 4634
783 869
1880 5866
6480 7174
4703 7506
2146 3105
731 8116
6404 9516
4841 7803
4894 5852
511 7822
4703 9859
4048 7037
3919 8151
6627 6877
7796 8136
1451 2193
2306 5747
821 2264
3677 4647
5323 8246
3554 4319
4109 7017
273 4687
3743 6920
3762 5945
1797 9721
3672 8360
1079 4515
3925 4187
4692 4828
4289 9771
5391 8832
6006 6484
1776 9101
2519 7473
5568 9673
2081 7242
480 9048
6304 6510
7730 8895
9124 9196
5613 7292
2173 3498
1788 4338
3336 5984
2840 8972
381 6542
870 6583
3201 6686
27 8691
51 7340
3412 4914
1664 6491
2993 6603
6225 7016
2641 5928
1835 9487
7824 9776
3315 5978
3519 9790
4421 5910
2205 4252
5107 8495
5090 6755
4094 7583
3277 8113
5037 9835
3291 5816
2721 5113
1740 6237
3634 8878
2102 6129
605 6710
5671 7937
1719 4745
3201 3385
207 656
2665 9750
1029 4374
3344 9804
539 6245
1350 4811
8478 9798
7877 8208
4926 9407
2904 7762
2141 4673
3596 4996
4290 9124
8579 9078
5155 5701
1198 5894
2244 7855
1913 2430
7062 8799
4277 5687
8470 9656
6642 7884
8175 9258
2885 6353
2647 5261
5772 8795
4370 8891
1441 1780
2109 9239
1517 3834
7074 9194
5193 7318
4197 7049
2244 3426
2625 7882
4851 6888
4341 9480
1763 2545
2194 6889
792 6209
4217 9182
1909 8427
6577 8610
4531 9130
1658 9781
6188 8171
3416 7719
6320 9908
3701 6208
3507 8278
6310 9215
1771 9927
4873 8129
2668 8830
7159 9126
5015 8633
2644 7520
6519 7999
1061 4088
65 6893
195 4610
2961 3028
6578 9275
9011 9582
2981 9279
2958 9658
4796 9008
3429 6567
804 1719
3605 5032
874 8987
1659 4214
3502 9872
2223 4054
3339 5370
1132 1516
3892 6998
802 4884
7901 8170
991 1518
58 4995
1978 2492
2776 7804
7122 7511
816 7125
8156 8348
2539 3577
7335 9139
1391 5274
2629 6756
8114 8167
4895 6288
5676 6499
4564 6271
1728 8557
1103 1820
3674 7748
3976 7932
9334 9480
418 4359
6661 8693
4587 6284
3318 9327
2902 8252
4743 9516
2679 4381
997 7384
378 6865
2844 7956
59 5165
5191 5232
5880 6364
2543 3716
2171 6905
2306 3221
3578 7744
5985 8980
4849 7863
1924 5403
1603 4058
2511 4864
1766 3268
8928 9373
1276 6886
403 6076
967 8885
2752 6575
5651 9339
2685 9659
3788 8589
2121 6008
870 8493
5114 6989
2653 6867
1747 7861
2503 7288
5294 6828
611 7929
1987 4142
3499 4668
4027 8617
2092 3507
4446 4908
3075 4628
3929 6048
4328 7823
671 7892
5508 8036
46 3972
43 5280
2232 5423
5550 7406
2731 5920
6084 8131
1609 4210
3169 4636
5589 8653
1474 4766
4140 6556
519 953
303 4003
7272 7450
1002 9345
305 2787
3458 6540
1331 1682
2060 9871
1676 6933
1282 5065
858 9918
650 1910
2362 4675
1343 9142
3235 7467
1071 6451
3425 9668
1137 4520
2802 8273
4797 5889
3558 4693
3481 7066
3312 4380
4908 7708
4757 7334
6386 9471
4153 7678
1805 3849
2057 9452
1578 2039
6132 9029
1486 4741
2307 3409
1215 5383
4750 9061
3460 4437
2990 5593
2580 9832
3245 6723
625 7704
939 6434
5046 7789
2575 3503
3896 9881
1849 2905
1913 8437
6008 9657
805 8638
4557 6056
1833 5181
5350 6709
6467 9049
490 9814
3660 5817
8159 8396
4731 8079
785 9203
2813 4126
3599 4330
6853 9463
1186 8831
1950 8995
2968 8302
4028 8946
8388 9979
1047 1754
5344 8564
183 6180
3657 8492
1720 8361
2891 3294
1045 2620
1007 9055
351 3384
2377 4912
1411 3777
3550 4947
1480 3481
806 7486
2002 8687
7034 8806
1881 9060
9362 9923
1828 3749
5839 6534
5950 6552
3656 3770
2621 9982
7069 8907
2090 6307
1014 4789
2649 6059
2992 5478
2161 3596
655 9811
4624 8659
1620 4308
4195 6999
695 3917
3926 9102
329 5859
4182 6917
1301 9253
3036 5105
8085 8725
1987 7913
6155 6977
943 3073
1500 6261
6374 8842
4083 4388
2304 4089
574 7072
1582 9409
4690 6039
928 7317
5969 6388
6090 6229
4661 8969
585 2631
3713 9185
2359 4247
2285 5881
7849 9248
2880 9444
7540 9267
7232 7920
5097 8841
1343 6670
7175 9485
371 3988
1584 3517
876 5143
1819 3779
674 3632
1842 2706
4409 9559
1105 1142
1342 3043
5471 6502
550 7834
5784 8825
6863 7077
731 3272
3771 5442
5706 9445
3200 5583
6036 8813
9098 9209
3034 5084
1273 9689
5615 5870
5380 7178
1160 3246
491 5526
2956 3485
2029 5903
7666 9262
2078 8290
3188 6278
4396 6344
5922 9259
4119 7665
2727 3157
6570 7133
327 1368
4053 5353
3936 8196
1439 9513
2482 9692
3624 4067
3928 8855
1310 8417
2061 8582
996 6914
1920 3717
2297 7754
5892 7241
351 7585
5989 9820
3147 6965
6415 9608
4752 5546
1901 7343
185 4985
3549 7961
3260 8187
3418 9015
7927 8225
1232 3593
3445 7596
4741 5631
1291 2946
6903 8784
2458 9590
2332 5753
2690 5915
2607 2974
8624 8696
3039 7487
302 967
83 5672
3663 3959
6078 6547
1604 9481
1852 2086
5092 8082
4761 9698
2143 6322
1769 9023
4713 9444
159 6045
5702 9911
88 4032
6684 7264
2477 2991
5256 6424
3669 9809
3564 9650
103 2806
6890 8203
8609 9285
3566 7229
3287 8655
3265 7440
6652 8842
2805 9337
223 8661
5834 6524
2340 6620
1519 9775
1295 6645
2149 5476
4489 6221
5215 7629
5671 9981
7401 7516
3933 6860
911 8816
4801 4925
552 3496
230 6740
4235 7818
5285 6948
2402 8671
1590 7693
6814 7206
1051 5005
2609 7687
5206 7526
578 4890
3430 6634
2125 6002
3684 5343
242 6183
5173 6737
2465 2640
4206 9948
6321 9501
7016 7025
57 635
1771 2232
9023 9366
1933 6441
7469 8179
10 395
7848 9241
6548 8515
1268 9314
10 9735
1597 8285
3798 9473
1162 2177
4170 4939
5196 8881
910 5241
2803 5543
5314 8947
969 5858
4963 8197
148 3768
4418 5017
1226 2729
5869 6874
3531 9066
616 4594
6253 9583
7035 8095
897 2818
4464 4656
1811 4817
5949 9069
3106 4065
4041 8597
2122 3337
567 2073
346 1142
3659 9199
204 7082
6115 7549
6122 7399
621 627
2474 5809
128 6231
5552 9053
8747 9351
3341 6640
1443 2701
5026 8353
1921 2231
5737 7623
1974 2697
3904 7543
1860 6847
2637 3509
8331 9433
5111 7802
3766 9001
1189 5247
1581 1867
215 5405
3356 6387
2570 3038
710 7740
4260 5865
437 3424
8845 9825
1139 5162
5266 9158
4123 7846
8342 8627
2221 6185
795 9219
6852 8565
91 6236
1645 9094
5278 6072
1968 4721
268 5392
4416 5017
473 1194
3142 7914
5732 8757
2361 8867
1890 3266
7095 9264
6508 9729
300 336
1372 7593
1567 8460
4394 5827
2600 6581
4557 6472
868 1171
1994 8398
1579 6927
142 191
4879 6352
2085 9081
4978 9871
4652 8554
3840 5043
80 5524
286 7952
2534 8807
1374 7622
8472 8617
1610 7032
2548 5225
643 4964
7325 8856
7698 9447
5077 6283
906 4131
3389 7421
1794 4516
4322 5779
4368 6081
1925 7305
5058 7604
3815 5008
1450 9534
3439 8021
4985 9177
331 3665
1894 9459
5954 9313
288 8108
9490 9569
3295 7666
754 8174
4291 9952
9057 9719
1251 1550
4634 5092
812 2559
1822 4605
3768 8733
5545 7209
862 3817
126 4335
1922 3827
885 9676
1026 3683
3296 5730
6637 7208
258 2026
1414 8359
109 7293
2544 3524
3995 4977
854 8744
4820 7319
1369 7160
8934 9051
2398 6158
510 669
3031 4961
5035 7538
2262 8974
981 8836
5883 7675
1193 5325
3255 3803
3107 3304
3075 6910
3494 8632
478 1447
4907 8172
1579 2461
1444 7571
2986 6238
1871 3394
935 8101
4310 6993
7006 8611
4974 7100
1495 8729
3464 5768
655 3824
539 4321
709 1020
3453 9821
6566 8154
622 4457
1663 6892
6699 6922
1017 9752
6150 7602
16 1650
1489 2686
4789 8708
3480 8767
4538 6390
3015 3471
7716 9401
5694 7725
6058 7942
3604 4136
2195 4613
1809 2206
1398 4503
38 9868
1670 3068
4186 8282
3861 7045
6302 8948
1347 5424
2126 7697
4107 9436
2353 6473
712 9114
2140 3783
4952 9073
4151 4691
3088 6146
4838 7538
2794 5411
3202 7110
1326 7965
4142 5355
1428 2052
4500 5929
2378 3096
1652 4550
401 2459
5558 8391
2310 8889
1694 4005
1795 2027
6327 8871
2319 9318
301 4972
1106 8547
210 1821
2939 4493
1306 8536
2795 9293
2063 4334
756 9181
3777 9382
4233 4248
7246 7780
912 3081
4761 6501
745 8399
3616 6504
2275 7946
4658 8485
3292 9510
108 438
421 630
2770 5397
1720 4976
4364 8217
1478 7995
7444 9270
158 3150
975 6176
487 7283
5709 8560
3082 3290
7058 8271
2046 3143
242 1395
4998 6212
1242 3125
724 5601
4688 9262
343 9706
954 3102
7136 8528
5038 8684
344 3723
2443 9847
3574 6301
4031 6074
1173 9828
949 9072
2919 6859
1511 3010
2038 3954
1646 4809
5732 9921
3725 6360
1079 1565
3860 8991
1190 6252
3446 5905
5810 8761
2801 6494
6735 8442
6940 8724
4528 5275
93 1473
3378 6679
507 8604
4057 6226
1287 8179
98 2166
1265 2603
313 9769
7553 9133
1585 7027
5219 6402
949 3382
1219 3327
143 460
7104 7499
1502 9926
1336 4870
6657 8765
368 2467
2196 5074
1594 6186
3180 7418
5688 8629
1107 9575
3269 8373
3486 5803
4882 9038
4497 7976
976 3413
2084 4208
9542 9890
1085 9950
1931 2667
8662 9701
310 2675
1257 9502
1774 9301
6031 8733
3966 9230
6205 8933
884 2082
321 7402
1184 5204
2030 4740
3996 8091
1552 4997
2813 9864
4165 8435
2143 9642
2759 3925
5474 7809
6528 7457
6042 7496
2964 5966
6103 6749
279 6863
733 6401
7297 7482
5368 7323
4414 6324
111 3738
2330 6646
2448 5864
79 1966
948 8060
2926 6874
719 9756
6877 8480
2151 7812
3001 8930
5221 7677
2123 9680
1028 8288
280 6801
5071 8100
251 1352
6841 8698
725 2726
3054 9012
3763 4228
2121 4416
7484 9385
4737 6319
1716 7695
920 6498
325 7465
284 2509
6492 7910
1192 1635
7684 8235
188 8769
7105 9748
4008 9765
7781 8524
1712 1961
2185 2832
7633 8020
1452 2746
7579 7673
4339 9879
1512 8567
3033 6525
2979 7794
29 4177
547 4083
1833 7271
2895 7819
3869 8987
440 5021
279 5048
4467 8845
1463 5186
2069 3880
134 2684
1461 5854
4096 6527
7329 8156
363 6888
3745 7526
838 1256
7717 9770
3905 4957
2270 7103
4704 5213
1811 8372
512 7839
689 3973
4125 5980
2219 4117
1032 7412
3831 9272
1935 8261
3906 8152
6396 7686
864 6432
4181 6290
651 5285
1513 9628
1114 7151
4910 6049
2192 3279
2502 6976
832 3900
472 962
4461 9840
6659 7270
4315 5511
2230 8089
2421 4202
4148 6795
2929 3687
3837 4021
1760 8092
1230 3775
7106 7466
4485 5825
1216 2865
628 2407
2535 4248
2439 4396
7631 8015
2202 6631
4105 5767
5954 8734
4194 4986
2365 6034
5985 9323
1006 6727
3967 4117
102 6752
3454 6031
3750 4055
3129 8597
678 3774
2110 2111
1899 9783
7716 9084
141 7486
7075 8165
357 463
558 2909
5614 6490
1947 9974
1730 4799
4299 4722
3022 5813
3223 6960
863 7982
1275 4275
1668 2335
2760 6972
931 9119
445 6384
9302 9443
5311 7888
2211 4241
3080 7048
1894 7298
2565 8770
1228 8411
6127 6151
986 9440
2589 4490
940 9818
2287 8046
2757 6669
1550 8018
6589 8006
571 7068
1785 8280
8417 9623
6286 7845
1873 9852
9209 9573
1675 6436
1521 8994
123 2561
1498 6998
5028 9487
812 6267
2830 8802
105 1019
8055 8851
3146 4551
4168 4192
6820 8708
1229 3375
1390 9112
1442 7682
3262 3931
3037 5085
1970 7377
2011 3257
4869 8740
3698 5746
4498 5598
4221 8566
111 2079
1613 4872
2064 8266
1084 1472
1147 7660
2769 5478
2989 7178
62 2799
1601 3302
6617 6991
5148 6820
824 9648
5331 9957
9372 9573
260 4318
7891 8110
7636 9159
2226 7563
5904 6748
846 2924
4082 7798
3613 3637
1380 6591
4860 6381
590 1017
3530 7751
8728 8835
5520 8539
2518 4152
3962 7970
684 8276
758 1365
4306 5145
4417 9679
1583 9687
529 3735
3538 6742
3917 6295
131 7842
1626 5934
4143 5695
2552 2852
2671 8910
6860 9475
1685 9918
1985 5136
5594 5905
3800 3941
588 4374
4729 9879
2136 4991
652 888
2257 3233
1003 1589
6793 6806
11 5042
7839 9815
1376 8350
1197 5579
2001 9458
2330 7010
8321 9387
5803 7190
6098 6936
1781 8996
2160 6379
4625 8676
2849 9308
4904 9610
925 3097
8292 9914
2410 7385
2261 8017
416 9492
2180 8177
3664 3789
2526 6325
5561 9269
2077 6859
2373 6056
2860 2910
4370 6237
2020 8436
773 968
5714 9922
4017 8861
768 4239
2320 2733
936 7487
3181 5913
135 7907
2588 5530
4517 7603
293 3802
5034 8869
1500 8034
3427 9089
2652 5876
7557 8943
1707 8347
2447 3203
1658 6355
3267 5817
379 6315
1969 5260
6184 6598
4264 9660
8081 9460
7507 9838
2128 8024
3428 6417
2424 4405
362 2120
144 3876
4201 8748
6607 6969
626 8886
4193 4792
2703 8425
680 8274
718 7817
1815 4577
1023 9723
7635 7966
5428 7574
3487 4630
604 5162
1838 3620
8160 9996
767 8243
317 915
6083 7654
4468 6644
2546 7786
744 7954
2622 3672
860 2445
3065 3216
1457 6119
4654 7002
1252 1253
5179 8180
3398 8884
5128 5327
3734 8705
2072 7169
6514 8915
225 9414
5734 8431
4332 7290
252 7262
4010 6284
2065 5539
3743 4867
6732 8095
3288 5659
5399 5719
2224 5108
498 7525
2520 2677
6555 7247
4924 7435
4914 7768
6936 7672
2672 5956
3559 7552
4121 8212
2119 7732
5045 9526
190 3780
3204 9839
613 4627
7648 9846
757 2260
2022 7224
973 3415
7652 9179
2995 7700
2131 8062
8819 9503
243 9014
4702 5908
760 889
8605 9491
7054 9677
4708 7477
663 2786
2894 9475
568 5469
1715 7156
5466 8578
2117 4266
4682 5720
4200 8248
261 1918
6051 9788
5360 6846
5250 8940
495 8837
979 5627
2391 4917
7036 9223
4269 6199
3424 5017
4264 6392
4068 8011
1304 4772
2269 8695
3850 5113
7458 7994
321 2127
1669 4432
4237 4672
6925 9397
4056 7068
3770 9556
3839 6680
625 5422
1964 3403
5688 8203
1573 3135
7340 9853
2103 5324
2067 3130
5189 7149
1043 1624
6058 9107
5788 7884
5496 7250
2591 4602
4919 7975
6687 6966
8028 9089
5927 9544
2876 3552
2167 5440
1767 7122
278 5851
225 2734
1991 4383
268 7467
5184 6582
1700 4247
3238 6537
2971 9026
839 3597
1435 4682
4322 6018
6007 8726
618 5366
9616 9872
506 1501
4759 9553
1817 7255
2214 6967
77 8192
680 7197
4790 8699
3041 9925
257 2421
1554 9965
1396 8997
3730 4853
1783 7213
2903 4831
9576 9733
4934 6234
509 4631
8650 9506
5916 9415
2363 4881
5567 7142
7805 8907
4280 9278
8291 8791
300 667
1760 6171
5642 6784
3341 6248
4787 6312
1717 6973
5534 5931
1445 6929
3962 5972
6881 7680
837 5361
644 753
5715 8457
7905 9198
444 9076
3941 6257
5862 7442
570 1471
1495 1613
1766 5379
8322 8781
727 9341
4293 7607
597 4877
828 3327
3537 6385
5582 8686
6968 9554
1032 4940
3089 7731
4752 9441
2251 3875
121 7957
7745 9175
1072 5201
81 4447
2772 7115
1994 2292
1993 3176
464 4452
855 3682
1424 1570
2864 8383
4688 9397
1717 3815
1072 7510
4304 4562
3845 6716
6143 7547
1322 2369
4822 7736
730 4134
5864 6852
597 9141
229 2848
5003 6476
5164 8697
3527 4570
4928 6777
7451 8663
3222 7749
3103 5105
843 1042
2212 6247
216 2816
2866 5901
2518 9406
4110 5956
45 7720
3532 6492
6708 9456
1225 8423
1007 6499
3881 8564
1358 3943
5455 6633
383 6206
3597 7645
9126 9447
4674 8611
1021 7223
5527 5628
134 9041
3336 5146
3653 5962
3936 5095
104 6174
2897 9786
942 9958
3367 9434
4930 5088
3617 7430
1109 2724
2394 2593
1158 8481
1535 5953
1722 8003
2883 5056
2290 8144
441 7215
1927 3186
3569 6839
2037 8406
838 9385
2165 5652
8180 9101
5208 9639
1035 9289
5022 8824
2922 6215
6290 9910
1450 5227
7945 9128
3542 5633
6764 8612
3010 6122
4469 6674
4911 8157
7374 8232
1773 9405
2105 2153
3619 6346
4868 8677
3323 4514
5195 7868
4632 8239
1002 7810
2623 5994
2538 7130
7579 8805
1125 3974
3084 9007
984 1121
5666 7993
2148 5605
5208 7574
6727 7087
958 6317
345 8370
4806 7368
3300 8079
1903 7500
3248 5452
8001 8216
2963 4487
1298 2389
542 6496
2748 7253
6773 9008
1875 5907
4292 5254
646 6202
1113 5340
3183 6481
2985 5683
3402 6529
6460 8911
3744 7767
262 1174
790 4375
2460 5302
8912 9671
3451 7026
814 4435
6326 7335
4728 4750
1203 5121
1993 9365
7685 8109
2558 5947
419 1958
6112 8373
1588 3622
5102 8126
6515 8783
6474 7557
4173 8893
4313 8759
6052 9057
267 6186
2895 9510
2586 6814
1305 4871
1426 6258
6838 9880
195 759
6919 7416
1661 6589
7570 8628
3398 7808
5033 8521
2243 4617
162 5528
2476 7463
2882 7852
1497 5476
566 3628
27 7647
2979 3636
4090 7737
3581 6828
5185 7427
155 1102
3280 5078
1219 7021
9292 9850
5334 6070
5271 9681
7567 8285
1840 6770
1166 3170
1269 3281
4204 4473
4 3749
4282 6342
1348 5551
5925 6439
2580 9718
3102 9372
974 6011
5849 7572
1094 2808
5785 6105
413 1892
1593 4410
695 6167
3303 7998
1206 1250
6491 7158
174 1292
4357 8627
349 4651
776 1118
1022 1112
6445 7337
2763 8107
1355 5116
6638 7866
168 3334
2563 5383
1337 9654
1691 3029
2174 9940
1825 7578
1243 9968
2354 3056
5012 7671
7346 8266
4466 8062
3483 8390
3162 5200
7117 8400
2736 8886
820 989
4522 8132
2954 8800
4643 7123
8073 8502
1865 2408
4733 8577
2572 6308
3524 9235
846 2414
3459 7823
1109 7546
793 1247
7984 9381
4492 9849
7202 9346
190 909
2738 8566
9549 9760
654 9419
1290 3890
3440 6879
721 9152
3 7264
2404 4366
3185 5115
25 7711
4065 9575
1471 2233
1542 3842
3358 3862
285 6719
538 3442
5255 8975
8447 8978
149 9020
3625 3692
2009 6975
292 6092
6200 9525
2796 9386
5604 6382
1341 8161
1853 6830
2066 8777
2699 9825
5951 8826
2475 3733
5117 9243
2775 7923
67 7952
2253 3567
777 2651
3164 6470
1253 5670
3192 8352
1675 8141
1200 4168
7646 9138
3019 9056
3301 9528
6474 6689
5143 9762
2897 4597
6989 9899
299 7529
8599 8937
3274 3857
6535 7671
8823 9865
1481 2283
1936 4296
5717 8127
5742 7519
4637 7711
2312 2735
1491 5049
1137 1927
5233 5400
2013 9173
2429 7096
1912 7134
6043 6222
937 4994
375 4854
2430 9560
4495 9461
3021 9213
1149 5392
290 1243
5079 6785
4923 9247
9403 9432
6106 6956
7603 8471
5064 5599
3101 7373
186 1309
527 921
4822 8502
2612 5744
5369 8334
2790 4984
9642 9972
5692 9001
4287 7351
815 9849
2978 9858
4952 8115
7802 8231
7434 8031
5161 9702
2915 5034
5681 6021
366 4892
3520 4542
1630 3955
8630 9599
1992 5151
1477 8932
2382 4387
2637 9074
4889 6964
3508 8213
4905 9105
5606 5741
50 1082
1659 5710
2361 4918
4635 9851
8036 9895
4993 6311
683 1510
5519 7590
372 3539
4041 9058
5359 5755
3344 4640
2592 4758
3707 7880
618 4726
401 905
577 1635
6133 6719
2597 7144
8362 9384
7694 7945
7221 9325
2945 2995
1116 2036
1707 9844
4177 5543
9220 9740
6693 7493
211 8188
2821 8254
4551 9257
2320 3444
370 4767
5889 8703
3149 4504
4172 6948
2875 3930
3598 6986
5287 7598
3881 9777
4474 4566
156 6458
2873 4244
2841 8333
6030 9566
4469 7769
489 5480
2664 6468
784 8512
2498 8608
8789 9800
6217 6416
1616 3145
3251 3728
4575 7428
585 1893
2943 3020
3847 8117
458 3748
7064 9782
5654 9367
3959 8348
5152 7275
1820 7955
505 5115
2584 8385
502 9417
3168 9464
3775 6399
3585 6370
1178 4592
2963 5286
4773 9146
7164 9840
2113 2401
1009 3478
3073 3790
143 5793
7336 8658
685 4159
3085 9290
525 1075
390 5458
1052 9047
2240 6078
1179 3691
5575 8914
2191 7299
1545 4967
4580 6545
5546 8311
2318 9509
414 2328
4259 8667
2519 9491
8184 9353
5080 6844
83 1386
4687 9526
1139 6592
2112 2965
1959 9892
3351 4545
389 6273
2517 4543
2473 4046
572 6441
5052 8802
1553 6489
3172 8746
2904 4300
8832 9637
3120 8821
2352 6595
5737 6713
6512 7943
2586 5959
1377 1819
628 2292
9539 9579
940 3803
6885 9787
1431 2608
3544 5422
7304 9462
2533 6692
7065 8441
9044 9656
5187 7085
3022 9669
3051 7138
809 3746
2953 8625
1187 4355
4346 9991
6782 8535
1950 5862
3509 5917
1340 6406
8562 9170
3519 4639
499 4039
1152 2975
6552 7110
2312 3193
829 3753
2966 5481
2442 4481
3305 6816
4678 5808
716 6194
2243 8559
455 9063
1935 9522
3229 7490
89 645
320 8504
1788 2254
952 1757
6875 7066
2532 3905
5226 10000
5084 5966
2423 5132
5643 6733
4176 8168
6779 7306
6102 7524
1572 2972
6163 6472
3561 6765
2468 8002
2451 5778
1090 6935
2005 6643
278 7212
4488 5313
5435 5967
2604 7419
1750 9354
1046 8977
2937 6057
6711 7871
1667 9436
3946 4128
4543 6566
2296 5539
2553 9745
7339 7469
4402 5024
3000 5051
5490 6393
2185 2353
2049 5816
3739 8042
6221 7061
3382 5907
5379 6891
5246 7349
7088 9868
651 8368
770 922
4689 6178
157 4076
9439 10002
6046 9336
4082 9236
1688 5310
3765 7302
73 7873
661 7539
3567 8167
3997 7067
7606 8444
1632 4418
5522 7337
2194 2760
7445 8368
1410 1632
3693 8094
2756 8689
1973 5744
961 7755
2840 5320
4137 8670
657 8801
2412 5802
1199 8615
6272 8559
6825 7893
8291 8688
701 1200
344 8010
2327 9359
4900 8738
4202 4782
2076 6541
3548 9895
5597 9703
3388 6366
1209 3951
842 3472
5120 7196
5703 8088
3060 7556
2761 6302
5134 8050
193 9942
8710 9594
4917 5451
3143 3712
3295 4463
6514 8883
191 4942
7396 7528
105 4482
766 8914
4336 5795
522 8396
534 4279
5029 8098
2847 3974
1015 4334
803 3570
1508 7129
1006 9869
958 8072
7620 7640
