1000 10000
698 909
40 421
446 803
828 972
383 881
498 862
446 639
625 978
318 589
897 933
22 461
112 366
254 879
55 815
590 987
8 54
731 796
396 863
616 813
486 926
478 788
466 554
99 424
814 973
196 629
82 992
616 867
16 52
206 607
203 249
505 522
395 559
539 976
266 773
156 708
260 843
699 825
787 940
165 567
402 742
188 450
66 384
426 882
501 599
55 681
717 793
326 796
54 895
142 170
65 80
37 414
27 420
287 354
254 556
221 236
101 300
244 777
282 696
162 522
83 823
678 862
474 895
123 763
495 923
498 914
277 694
372 786
290 711
26 707
655 723
308 871
5 225
170 293
99 295
185 912
808 838
270 273
653 763
641 674
357 534
246 708
703 987
426 651
149 301
390 542
736 852
170 771
205 340
735 870
466 927
602 642
126 335
376 869
32 507
34 409
193 599
175 562
134 789
329 387
133 694
792 869
254 421
783 892
555 830
317 642
635 771
101 291
39 851
380 585
569 940
319 528
132 204
382 437
310 944
566 775
287 868
262 439
90 642
118 340
280 396
222 805
536 544
673 895
223 365
443 966
109 591
95 827
500 783
342 815
428 559
510 756
201 678
228 339
284 702
310 666
334 903
184 338
111 708
574 847
116 485
204 993
250 279
405 607
585 959
461 704
757 815
180 256
234 547
493 695
292 970
154 828
596 870
771 802
200 223
750 917
199 749
439 500
389 896
292 780
94 613
826 976
268 604
231 888
63 954
143 814
89 703
463 902
27 535
629 809
138 781
20 357
114 736
177 463
322 848
272 401
240 379
224 555
61 552
159 663
243 995
173 605
344 581
617 908
675 838
777 810
201 297
10 871
193 929
388 898
655 997
120 662
546 861
163 876
216 721
508 942
478 919
39 146
929 932
872 965
410 601
79 171
31 464
730 844
200 676
304 407
175 794
291 362
634 924
467 625
452 760
423 445
926 953
675 889
95 226
620 833
42 482
464 596
216 739
168 932
766 868
402 583
126 135
253 748
718 888
41 674
612 734
273 301
666 897
702 891
624 968
710 739
119 303
376 619
533 886
515 981
501 566
500 993
42 405
8 684
302 409
76 370
92 612
515 707
239 977
324 949
220 686
356 668
345 436
347 472
491 786
189 769
116 647
26 923
265 792
403 634
110 519
135 417
441 562
141 721
540 699
309 430
362 971
244 933
323 357
90 624
189 795
788 989
282 344
586 959
145 401
21 935
670 798
301 920
790 954
667 756
562 891
168 942
331 498
836 946
381 461
105 805
744 776
4 224
296 428
564 849
34 421
387 713
110 720
163 208
45 755
223 927
604 934
611 945
287 814
15 584
327 367
30 474
540 926
608 693
107 729
359 685
270 548
64 808
457 587
137 331
93 887
371 399
722 797
64 92
225 802
49 833
97 114
158 257
767 864
473 647
65 807
726 860
81 666
221 784
347 641
223 725
561 567
362 961
118 611
690 767
502 685
51 648
29 698
714 763
546 933
297 603
180 804
210 826
5 932
929 972
288 426
128 909
15 459
51 214
385 878
248 433
681 988
117 223
45 418
508 935
35 845
55 219
279 734
137 470
574 770
87 683
30 723
202 904
475 968
475 967
237 956
82 715
322 517
18 102
139 306
145 757
531 760
787 846
811 828
187 321
84 784
739 848
131 864
14 140
414 861
165 367
780 847
565 693
449 634
153 863
902 997
181 237
608 744
273 593
387 969
107 290
444 475
65 690
48 934
713 894
54 123
177 213
129 818
65 313
584 892
163 493
44 480
586 979
355 733
75 570
385 509
7 709
109 866
327 848
335 881
44 161
71 598
667 966
91 570
2 127
887 951
525 885
400 649
553 834
305 631
864 996
164 874
88 857
19 692
371 453
550 631
23 714
465 475
240 507
544 856
312 568
312 666
637 657
369 507
73 387
863 969
407 629
9 167
877 941
164 453
251 543
586 793
227 452
392 873
208 794
481 727
578 663
627 939
474 875
893 999
4 886
642 917
105 323
185 238
350 697
322 513
35 673
221 440
157 880
489 684
157 284
449 576
295 454
105 340
667 763
425 532
496 826
403 739
370 897
428 607
104 681
229 743
241 483
156 194
445 812
530 730
791 857
72 617
55 552
22 387
8 533
68 643
233 284
150 710
72 94
196 825
786 915
70 81
767 911
31 656
476 710
545 806
183 214
661 736
372 746
371 576
428 836
304 741
724 733
463 658
833 845
217 417
435 756
90 350
92 569
337 610
275 933
306 330
454 710
894 908
794 983
168 532
538 836
587 598
6 764
69 747
437 792
363 690
162 856
88 908
360 444
217 265
190 465
89 798
727 770
261 530
319 844
250 531
519 528
449 941
223 580
120 889
894 902
331 861
496 706
822 979
32 675
412 487
262 636
36 417
125 535
214 738
434 665
547 611
587 634
116 712
461 659
609 792
330 844
349 922
546 622
303 704
420 947
657 726
560 978
322 891
350 901
117 411
208 944
363 702
358 738
702 980
157 187
741 975
392 654
628 999
760 923
508 747
269 467
763 912
30 593
349 747
345 504
225 461
569 691
938 941
43 983
572 599
46 692
464 471
294 840
480 948
210 285
382 780
46 368
475 888
446 791
336 564
78 761
501 868
642 874
289 808
52 481
893 946
130 350
8 391
598 953
231 818
97 193
845 912
505 532
823 852
417 471
203 915
227 330
328 963
76 268
265 657
612 912
285 991
252 494
404 671
81 504
410 443
808 901
264 523
385 644
273 289
549 986
211 957
158 247
236 403
122 424
190 861
59 484
513 917
609 815
36 469
9 952
184 218
83 466
142 159
71 148
175 964
84 971
637 915
279 418
21 594
58 114
512 524
9 91
278 764
392 521
520 597
163 545
362 818
257 466
176 473
374 756
103 200
448 702
289 656
361 657
416 645
337 928
608 782
272 310
200 736
1 558
242 851
179 215
446 535
59 743
264 390
61 232
349 613
503 690
241 532
27 136
100 244
502 944
380 994
247 999
143 665
435 940
165 742
136 175
683 832
742 905
657 874
55 647
699 953
592 740
414 603
557 865
156 570
349 851
515 662
115 241
307 703
595 950
844 945
665 935
22 954
613 692
82 240
266 745
181 194
263 264
709 867
422 950
190 444
218 547
735 916
84 845
7 692
68 479
539 586
176 846
253 523
641 766
391 464
339 514
213 999
388 444
318 777
423 725
141 492
98 658
212 449
316 469
510 667
221 348
149 319
442 985
512 574
864 973
554 808
420 645
538 838
325 952
313 845
495 835
559 878
156 951
98 847
396 841
112 653
119 502
174 361
898 995
735 867
782 810
182 842
307 356
550 946
367 399
459 858
516 697
99 866
74 455
681 788
299 434
486 883
330 870
129 451
204 247
436 460
132 367
129 625
87 510
485 514
454 769
527 776
153 567
3 480
221 931
542 635
29 209
811 959
630 919
435 781
745 963
408 427
276 574
206 322
212 286
19 819
117 629
276 312
175 905
563 612
557 563
122 501
11 702
42 803
253 539
277 444
394 865
22 965
217 623
2 485
185 544
72 549
285 876
100 626
469 584
260 1000
55 546
419 568
525 776
224 545
880 958
88 350
733 908
52 963
439 525
311 528
316 951
41 94
426 560
600 722
282 469
605 690
300 334
795 864
341 347
505 806
761 779
35 634
765 868
263 530
206 887
491 797
222 324
388 810
226 271
53 975
558 905
752 826
368 508
738 821
922 939
167 466
44 969
216 764
511 848
101 477
484 972
82 998
133 500
87 580
364 971
328 370
476 753
142 597
13 642
157 262
641 838
293 588
112 402
806 887
574 980
280 664
543 752
147 621
29 689
114 572
121 561
834 962
874 967
420 921
97 230
464 767
196 469
306 357
229 384
125 186
100 500
470 890
658 815
344 537
245 581
86 547
577 977
266 535
692 843
444 571
175 821
86 515
231 524
505 691
410 666
147 925
208 260
138 444
458 760
312 920
387 435
638 721
131 538
668 872
212 407
330 683
345 755
61 797
38 409
477 713
662 861
374 588
97 744
298 452
268 736
692 727
154 628
261 967
448 628
254 401
104 615
279 508
350 543
217 262
751 878
573 746
92 311
344 702
243 461
26 661
207 756
203 431
426 948
220 233
533 646
573 709
66 103
341 455
446 891
587 980
16 456
185 716
107 331
70 424
134 548
208 935
725 730
589 708
467 506
56 626
566 771
650 920
531 967
64 576
107 193
36 850
117 416
249 566
653 678
144 611
27 635
679 945
369 895
388 884
11 999
477 751
243 415
80 563
397 903
703 829
554 663
370 617
581 664
88 172
958 1000
15 390
500 986
65 685
349 646
425 441
524 596
24 489
107 164
577 994
236 617
188 320
532 998
467 892
358 864
106 610
410 512
152 449
848 998
488 499
433 762
225 550
88 487
474 729
430 654
696 757
325 811
297 682
602 616
170 515
165 817
823 904
367 478
626 669
589 941
85 495
82 94
69 203
654 836
37 324
304 845
297 401
41 526
217 568
18 831
58 714
613 854
40 118
176 205
101 630
481 603
47 396
433 943
50 277
453 938
219 629
659 700
539 828
289 821
687 735
53 793
50 227
378 996
715 811
779 944
60 907
314 906
233 819
216 879
435 688
31 599
254 983
43 410
110 949
105 238
569 736
13 548
243 276
563 658
726 839
347 964
53 887
180 891
693 728
498 948
83 901
114 912
247 390
33 865
61 352
402 639
615 616
332 334
18 107
13 325
598 965
136 916
118 885
122 428
107 414
414 897
317 671
396 543
223 370
757 987
394 842
41 563
623 674
56 716
110 518
17 335
170 258
505 857
424 593
81 630
95 704
132 355
432 658
571 576
224 983
989 990
74 330
518 975
536 761
142 667
95 734
706 714
52 854
453 932
303 930
489 655
78 943
257 521
246 346
359 757
428 568
237 380
18 909
630 696
271 697
668 837
247 953
183 774
731 963
391 982
48 889
75 451
281 909
111 768
2 749
434 997
291 403
734 928
840 916
494 677
504 904
54 348
315 872
757 879
912 916
867 882
253 394
297 901
288 499
494 566
194 538
423 500
454 823
159 350
767 994
460 803
194 977
60 471
61 922
19 754
651 794
234 398
192 843
562 880
284 463
420 999
571 911
70 699
6 975
266 834
307 409
309 540
321 700
330 812
537 640
195 979
303 377
98 836
609 764
277 861
510 823
276 521
259 534
411 761
64 773
289 503
456 771
19 21
129 136
513 802
99 126
596 938
195 817
507 855
266 370
72 536
225 383
230 404
473 807
455 467
236 286
420 462
771 928
343 867
48 899
145 234
447 712
30 638
293 483
680 724
344 556
841 962
241 251
536 808
403 861
267 784
204 786
173 368
714 857
232 859
680 700
445 869
292 583
28 495
516 949
206 207
799 800
732 915
27 258
308 773
210 315
840 873
808 964
317 625
42 994
589 695
69 600
160 582
440 607
839 993
846 894
117 780
802 843
38 144
44 518
91 956
214 811
40 188
191 383
3 818
69 499
88 791
158 193
41 359
527 648
77 940
518 791
336 563
206 727
13 842
219 635
33 891
31 670
391 604
504 684
121 817
526 764
307 533
122 528
452 988
414 482
338 569
590 930
474 812
241 264
576 677
741 798
416 937
226 438
412 836
62 590
416 636
671 794
401 853
648 712
82 700
198 508
71 423
186 752
584 838
230 302
205 884
224 811
20 541
170 576
764 968
387 574
543 555
244 291
209 289
481 809
233 725
12 212
100 389
645 980
192 392
752 804
280 559
259 692
128 687
794 984
360 938
40 512
385 406
283 378
189 781
723 993
149 778
269 349
149 982
646 733
357 970
188 207
387 940
1 369
166 895
67 476
76 844
41 142
255 948
821 906
249 726
666 947
728 927
104 833
670 983
46 838
765 934
180 592
4 59
731 866
323 931
610 884
603 721
122 142
111 294
440 696
464 676
3 771
718 909
253 826
28 907
919 921
31 801
55 366
194 199
47 942
292 600
846 973
23 300
401 468
357 951
667 868
44 80
226 255
321 888
523 706
836 872
70 393
847 912
131 829
307 529
791 842
20 423
472 983
20 771
232 324
787 947
270 305
363 531
152 217
455 908
636 959
77 916
215 823
116 343
605 651
183 336
257 380
214 580
677 999
24 457
308 452
37 854
624 843
99 130
721 772
312 799
492 794
671 864
270 401
92 535
845 952
187 567
311 351
218 875
339 900
249 883
246 316
56 727
687 994
95 697
6 811
445 552
39 46
224 783
332 493
51 776
190 241
171 247
116 353
357 448
329 836
134 281
867 962
537 811
285 626
393 761
188 398
320 587
133 846
659 780
158 809
563 804
455 529
489 952
408 904
33 393
470 732
357 836
817 857
177 364
569 639
629 663
946 980
841 936
714 954
356 799
300 938
251 337
333 491
286 935
2 143
271 737
67 87
198 567
480 513
575 689
52 221
352 560
357 705
213 540
457 724
258 510
230 864
77 116
52 57
184 689
467 686
327 969
811 996
289 877
423 880
780 886
475 876
183 457
653 881
574 924
471 545
65 905
52 292
137 320
308 404
477 925
612 626
352 638
523 952
96 893
397 634
22 563
84 571
547 927
469 703
58 784
2 36
418 839
209 886
762 878
715 835
394 514
872 972
366 952
104 868
259 790
439 577
386 542
727 912
348 891
522 626
507 954
38 871
242 786
255 950
402 462
126 801
70 509
171 740
174 549
125 801
305 808
527 945
4 480
412 692
113 170
88 744
780 927
153 216
821 897
27 809
452 581
652 791
233 290
163 744
107 672
157 670
136 588
546 943
627 660
448 739
802 937
384 578
367 856
331 519
725 984
193 412
409 669
646 857
650 659
3 432
98 500
271 445
496 702
201 592
527 730
458 543
358 656
422 772
84 917
795 920
182 698
250 916
391 455
56 479
238 860
228 335
124 541
531 823
90 566
305 706
377 434
51 67
195 211
816 913
3 449
382 418
311 877
110 748
12 125
25 820
182 782
6 294
199 727
234 587
87 166
236 472
419 810
205 536
156 881
544 787
101 159
120 639
744 927
316 474
103 119
623 711
374 871
379 913
337 488
179 777
170 318
76 195
259 783
889 928
502 607
111 408
766 898
541 590
438 623
233 465
160 609
130 389
112 262
10 808
331 777
85 606
381 636
419 745
578 948
377 825
181 423
387 426
295 634
134 862
191 381
606 871
483 998
231 522
343 380
80 687
78 456
103 263
143 720
551 616
206 477
813 900
362 793
561 941
54 914
261 731
146 680
450 985
615 649
793 948
160 678
261 642
384 977
564 947
47 148
28 973
203 381
447 728
292 803
173 847
487 731
419 518
53 253
95 154
534 662
229 758
241 926
275 857
118 286
29 908
16 120
51 392
127 525
950 952
662 828
674 850
392 860
470 578
36 40
92 422
153 432
177 501
565 654
418 597
27 856
237 789
28 491
19 430
50 948
63 478
586 736
207 538
3 670
372 974
239 676
527 963
285 935
242 848
380 745
148 348
299 863
257 293
61 744
620 881
582 626
146 478
688 765
478 671
826 876
29 508
171 871
149 775
254 992
163 389
375 551
226 550
518 656
308 459
49 915
66 582
644 688
691 937
314 459
66 368
343 412
339 759
118 257
221 701
57 695
383 737
254 853
572 621
349 674
780 830
497 893
105 870
157 941
33 709
419 581
209 778
474 520
732 902
115 747
171 455
294 421
382 578
602 694
550 997
110 705
740 954
144 706
584 911
851 911
17 878
222 911
652 673
183 643
542 689
316 447
146 194
456 491
289 564
363 413
359 928
529 785
95 875
236 824
333 614
707 995
96 481
147 891
147 995
151 963
47 489
486 523
406 867
52 664
633 869
398 531
166 840
60 712
524 603
365 540
177 854
127 919
33 350
66 751
601 927
247 976
843 865
32 312
120 498
173 989
548 816
14 188
152 579
216 708
104 286
444 497
52 798
158 967
848 960
646 855
73 821
625 787
318 441
677 990
315 742
202 499
462 616
235 551
313 332
186 922
192 977
613 852
233 869
451 742
11 686
456 774
31 86
83 987
102 916
443 856
151 415
180 304
172 705
594 984
282 684
712 724
627 942
398 876
43 591
99 234
232 444
118 321
514 797
822 960
604 779
552 855
468 929
281 641
497 614
398 863
479 843
188 475
13 121
303 470
640 755
394 558
312 468
6 178
181 240
404 875
106 893
487 828
391 716
76 498
71 451
123 636
228 736
188 956
162 264
8 337
271 455
141 203
512 600
76 838
386 555
446 478
205 218
546 610
331 394
269 671
40 57
309 822
119 833
284 666
378 643
336 818
770 810
236 980
553 567
254 363
130 698
351 528
592 707
647 827
227 255
430 660
78 392
249 729
182 804
126 313
252 425
212 440
554 868
486 892
57 249
80 897
227 710
50 665
803 876
90 858
254 763
213 531
191 824
17 158
270 617
454 674
549 999
173 705
80 967
905 976
295 369
356 365
83 279
352 817
600 778
21 637
34 967
371 790
114 913
604 758
121 733
661 909
5 139
371 953
354 972
329 585
287 524
527 727
504 632
612 722
778 850
89 255
90 873
8 358
12 345
124 925
414 832
228 692
183 496
370 820
56 499
30 701
106 151
258 356
170 754
74 782
186 765
68 876
619 772
138 415
381 731
821 832
667 683
814 865
191 627
488 943
248 863
64 493
611 662
291 985
807 878
317 371
483 950
6 942
81 918
207 777
252 759
35 412
240 712
175 971
570 637
469 491
374 789
393 872
111 112
492 493
309 849
30 176
408 943
549 822
450 973
596 820
163 519
399 403
894 896
225 615
777 838
112 495
62 772
151 279
660 803
24 303
119 141
557 943
799 901
42 71
252 545
293 932
294 793
196 903
248 910
648 697
333 597
135 888
116 169
151 370
343 858
625 832
150 743
179 239
214 638
376 728
953 955
98 794
640 872
160 485
336 383
261 575
314 700
757 989
7 317
403 640
628 960
242 407
389 968
126 709
28 198
395 592
81 559
789 990
376 659
715 818
149 547
403 964
829 898
86 391
59 663
869 928
686 748
828 917
321 351
150 930
107 489
326 508
404 555
188 909
5 979
75 403
132 317
979 989
178 874
404 601
270 869
89 982
46 885
32 949
340 858
22 97
209 768
393 616
678 756
407 520
212 479
621 745
3 951
619 783
518 864
438 514
436 682
48 382
63 811
151 461
513 689
623 874
201 898
37 432
332 697
7 38
68 939
168 185
153 719
559 627
578 758
387 514
186 196
518 695
45 189
87 561
267 690
270 975
97 697
8 304
76 666
203 568
308 732
410 750
98 249
576 995
625 705
119 245
84 178
66 575
154 756
511 843
97 786
82 588
139 943
776 796
242 249
812 957
455 721
696 769
89 816
781 855
177 922
159 163
518 891
296 489
48 606
30 930
122 139
211 428
345 615
85 288
56 786
59 185
198 816
472 724
503 795
406 487
377 431
846 876
310 438
120 577
150 856
304 473
313 380
39 376
220 421
563 943
125 682
290 562
316 998
1 703
218 541
127 247
258 369
746 829
168 680
285 910
1 92
288 905
397 453
45 595
400 485
444 819
28 855
457 749
809 884
134 280
238 296
211 267
225 702
194 886
145 959
204 323
201 634
54 778
451 820
558 803
404 820
146 912
41 919
891 903
463 759
179 182
675 863
677 817
77 478
715 990
113 978
179 776
597 705
17 371
239 302
495 734
195 726
198 788
29 811
23 166
279 610
804 937
109 867
79 613
431 692
726 741
118 883
327 617
240 482
257 391
183 564
111 658
14 155
693 888
266 326
24 216
5 991
229 364
92 419
71 676
563 755
143 179
45 572
387 811
227 935
911 986
210 832
451 549
150 541
175 758
415 674
51 547
276 503
44 797
183 993
351 775
353 746
167 232
633 722
93 803
378 637
371 434
290 534
121 406
279 749
23 169
218 899
495 806
3 192
622 866
513 765
123 261
80 556
315 941
389 573
408 448
268 889
377 608
80 477
876 885
130 535
55 300
228 849
768 968
38 633
39 715
124 380
503 583
476 679
119 826
93 438
742 837
74 639
439 939
197 494
780 989
309 381
838 870
115 471
120 687
716 934
923 957
32 584
118 824
446 488
604 672
184 447
46 220
5 408
42 102
419 477
283 779
10 653
87 643
46 759
609 803
296 622
108 585
400 492
43 884
38 708
89 452
115 972
17 613
273 395
396 954
201 598
555 935
146 190
530 879
79 686
332 721
330 973
670 943
514 790
183 702
193 616
340 467
56 370
238 632
281 576
149 465
459 668
506 664
746 977
64 265
31 487
62 858
681 736
202 274
430 678
100 628
836 984
548 774
147 955
847 918
118 842
203 372
14 32
133 495
173 597
703 976
597 718
334 718
210 886
294 929
246 882
648 928
66 955
248 573
434 875
688 742
156 512
491 685
447 960
230 660
51 402
65 713
354 726
111 811
613 956
604 988
314 352
101 199
551 999
458 592
105 550
66 683
816 827
71 666
196 346
163 969
248 582
168 741
112 790
54 385
681 717
382 804
294 525
378 641
396 639
356 376
313 383
19 540
271 584
258 759
268 823
158 873
149 304
297 858
193 816
338 498
144 592
517 585
355 583
207 835
96 547
28 387
202 329
396 523
683 932
77 544
708 881
419 459
250 939
287 923
27 790
471 719
66 836
257 489
264 556
298 425
687 984
54 560
142 193
140 962
421 890
423 580
457 601
45 270
530 921
62 515
472 956
258 414
323 436
23 471
102 159
795 961
689 901
59 481
618 804
134 226
398 508
151 153
207 755
25 85
461 727
202 675
587 778
296 384
634 852
798 856
260 669
200 922
92 440
656 739
849 925
533 859
558 741
83 585
527 773
381 512
466 485
604 975
165 598
356 690
393 552
906 941
440 652
399 405
68 652
67 766
27 766
252 847
919 944
445 644
100 192
255 256
750 976
171 824
745 935
582 964
509 534
209 997
43 471
104 493
145 879
406 761
159 288
122 970
466 667
350 912
168 690
325 933
730 792
127 775
32 739
364 777
801 982
855 906
659 843
408 979
223 245
179 348
231 486
207 996
452 774
165 442
363 464
425 967
557 705
278 572
179 937
39 614
288 521
509 556
153 924
815 859
110 706
9 892
196 736
197 473
637 931
614 885
295 422
243 317
655 879
185 744
694 827
449 723
794 899
667 718
47 375
929 936
133 142
311 776
97 957
21 267
329 379
715 873
66 301
140 889
382 573
187 725
464 857
574 767
448 566
138 472
179 190
428 799
726 958
353 778
645 679
138 839
473 874
727 757
389 588
626 906
333 373
122 705
173 727
316 495
102 810
601 974
400 864
191 352
331 764
250 710
457 763
295 938
552 653
656 957
578 591
507 960
767 773
75 652
29 472
141 355
495 556
760 831
285 331
339 747
318 852
708 795
27 909
753 813
12 954
543 927
803 979
10 876
847 859
946 983
511 968
342 533
234 486
841 996
620 950
74 190
11 490
78 907
175 540
236 868
268 997
747 864
20 642
7 629
14 115
293 482
335 753
700 776
627 924
34 343
280 416
607 757
191 282
108 938
830 922
51 784
522 861
34 399
425 575
517 775
344 599
260 376
360 521
25 98
519 886
239 825
327 760
170 573
211 700
827 996
10 108
713 860
344 837
69 494
394 587
311 560
268 965
133 235
199 370
421 965
218 437
4 457
533 941
265 438
11 684
270 972
63 438
452 550
366 811
91 642
22 223
575 798
701 753
105 711
164 862
439 613
170 358
378 472
160 189
163 851
769 972
215 711
334 536
366 877
500 994
222 934
739 908
252 949
95 618
94 798
21 373
231 484
651 704
373 697
443 946
308 611
242 397
158 239
192 522
492 871
115 333
496 877
541 790
310 685
246 575
697 939
779 820
719 973
80 128
366 385
384 637
688 754
175 428
20 349
17 894
252 646
358 520
709 837
152 462
518 541
349 834
463 837
379 782
36 711
307 968
328 638
448 463
149 994
210 641
267 823
9 13
246 983
399 949
17 100
154 188
848 992
296 939
105 421
191 995
41 889
260 585
376 887
114 623
236 455
608 839
798 978
251 521
262 782
708 756
368 613
134 268
302 960
872 956
494 817
1 903
616 740
43 925
463 734
236 649
345 778
544 981
677 802
805 810
249 423
328 861
283 833
137 864
63 808
106 448
713 740
249 324
155 376
273 695
293 819
903 999
484 524
290 733
158 676
524 532
373 976
717 981
239 409
165 698
339 495
619 987
545 807
216 866
471 916
733 822
62 449
20 812
241 940
141 385
836 890
909 933
105 675
480 570
334 474
198 381
226 389
886 968
324 522
599 774
641 696
278 503
184 723
309 509
591 752
279 520
258 682
301 431
230 986
484 795
684 814
448 732
155 556
179 551
280 712
413 777
330 439
42 756
601 625
19 84
592 809
57 473
411 607
11 556
95 294
399 462
600 980
341 363
208 769
692 779
690 773
379 565
255 416
419 668
422 829
339 821
606 763
432 468
116 405
537 765
605 755
385 469
72 850
913 918
704 970
659 823
561 627
112 142
62 435
22 734
368 605
768 863
199 213
82 880
403 798
203 316
317 618
33 514
85 614
266 957
332 767
514 970
616 812
178 496
153 327
664 730
542 672
358 649
207 479
340 456
435 972
718 811
649 968
351 599
96 402
495 941
586 949
96 669
385 468
395 596
400 589
779 964
227 602
213 739
170 354
51 126
101 786
134 654
137 357
357 416
88 817
137 635
130 244
95 824
215 373
54 713
293 442
363 815
700 886
127 241
222 820
389 516
317 497
25 528
566 866
512 545
390 580
295 885
375 819
146 627
493 566
32 51
53 626
202 761
724 756
229 623
372 597
457 803
64 223
375 474
345 766
151 388
126 651
190 541
412 861
526 828
260 659
68 849
786 902
117 174
471 871
33 526
249 918
303 774
511 874
415 948
146 926
374 655
404 454
209 273
549 977
554 849
293 605
829 991
71 308
589 643
403 726
256 420
269 321
223 614
631 904
810 818
643 914
291 720
326 620
552 699
653 963
44 878
10 361
562 655
190 418
529 846
93 744
241 740
218 909
322 713
161 929
5 807
169 781
503 617
70 114
342 576
169 912
670 851
97 389
116 645
251 818
341 821
48 462
230 958
80 191
408 971
499 635
571 897
155 725
154 933
469 654
202 244
404 524
88 164
56 662
495 710
672 852
108 892
308 621
183 605
280 760
384 484
205 883
272 523
67 397
539 743
338 427
327 702
507 651
910 919
319 628
330 357
318 762
547 844
674 855
142 796
7 579
29 919
640 720
83 846
546 662
812 919
133 782
431 711
120 562
167 255
259 322
526 791
438 864
643 725
661 798
427 881
158 461
131 730
506 942
322 989
598 774
73 925
650 717
363 918
213 433
310 512
813 831
277 598
120 249
770 952
680 747
300 687
185 548
508 701
688 899
731 876
91 750
20 350
47 998
754 812
128 474
630 760
684 846
366 438
355 413
534 763
313 673
566 876
148 398
377 398
55 675
861 993
139 882
37 696
631 972
531 902
455 961
512 957
155 337
238 636
331 587
591 996
606 814
666 744
503 504
690 701
169 384
221 702
533 716
668 879
171 516
248 306
189 641
157 655
571 757
72 902
533 856
58 952
61 268
319 686
242 716
192 673
37 561
124 957
178 530
532 762
244 548
284 818
321 647
547 949
209 467
448 604
200 687
334 509
368 910
571 750
35 682
535 861
122 339
227 312
601 991
367 549
28 460
162 728
341 356
914 958
306 413
377 787
407 448
421 867
546 657
279 911
20 647
152 619
245 719
559 904
289 393
650 680
526 646
425 810
362 757
15 678
28 264
238 957
327 519
524 624
428 589
7 704
343 424
424 941
453 699
630 785
6 115
30 458
562 836
688 883
896 949
475 531
239 359
650 698
704 918
691 970
284 711
516 621
806 891
294 852
185 493
86 802
460 730
255 668
567 678
428 814
120 147
390 846
309 741
890 989
516 933
45 440
68 862
274 904
775 846
4 295
705 951
716 785
444 944
7 122
567 662
379 631
73 490
197 800
694 912
270 271
563 954
290 918
356 657
104 570
319 476
59 434
565 745
626 936
460 995
155 727
914 938
617 979
172 422
11 994
25 652
907 960
602 932
105 853
151 509
229 656
365 537
49 608
461 781
189 854
580 726
735 924
355 850
743 857
755 888
481 848
561 694
384 473
786 858
176 360
35 287
748 865
109 728
86 931
50 202
774 817
189 927
318 400
733 827
406 991
144 188
680 715
75 259
302 475
396 476
667 726
396 984
422 533
543 658
194 896
318 435
433 613
529 772
132 365
296 872
532 577
22 670
490 635
540 913
392 688
701 968
116 997
769 999
663 764
174 700
740 859
144 494
286 946
12 610
35 124
399 772
229 324
368 831
592 753
366 963
135 966
854 999
8 206
320 345
489 772
726 890
832 892
379 401
537 900
367 406
231 588
19 409
222 707
100 266
283 382
312 589
11 278
37 568
446 622
589 686
289 358
34 813
298 725
575 916
464 540
364 526
372 727
277 778
18 567
693 882
256 788
393 436
559 768
221 266
91 685
497 798
2 820
436 639
281 415
344 966
80 346
550 934
479 727
49 618
459 895
458 756
216 274
256 440
388 938
44 659
243 253
733 799
240 418
178 505
242 269
188 469
730 1000
332 958
433 447
589 746
346 388
277 883
297 986
454 913
361 413
848 931
46 432
103 416
14 1000
204 774
119 551
252 681
354 716
128 472
946 959
765 1000
554 977
67 773
47 178
211 480
844 859
434 877
170 472
274 964
178 902
759 971
193 982
817 860
89 884
118 962
384 732
451 930
806 988
33 358
139 169
754 815
166 634
125 132
113 973
59 750
115 596
360 380
715 856
67 94
539 778
686 963
12 649
613 824
4 665
553 975
650 655
461 865
388 551
36 81
65 378
451 910
147 885
589 660
264 612
323 704
728 740
565 870
57 457
19 706
74 445
606 809
892 916
38 996
134 308
26 493
295 919
695 825
165 340
786 966
8 252
104 785
96 847
403 984
223 665
140 860
328 723
33 411
20 150
808 985
229 722
580 937
17 504
79 278
290 692
196 520
8 972
561 683
114 826
626 741
593 610
580 683
51 878
705 843
176 657
377 470
15 252
231 636
284 822
56 521
373 718
423 674
479 618
211 396
640 954
398 782
661 674
238 357
443 712
43 989
838 977
321 936
381 596
914 930
324 965
280 377
336 413
107 178
255 839
362 878
34 337
265 268
17 833
247 585
56 885
57 643
517 583
645 719
472 785
275 768
532 630
178 883
498 975
36 513
180 413
103 661
439 991
377 464
235 677
510 564
593 759
137 204
584 605
821 866
427 976
562 878
70 285
496 585
304 484
329 550
59 817
147 600
104 162
741 976
733 942
10 690
140 852
229 781
591 639
599 854
219 283
797 848
362 631
348 927
397 530
265 583
189 706
68 418
971 976
135 928
131 507
582 870
87 491
159 934
311 835
396 528
25 486
354 839
9 801
483 485
389 568
261 441
412 569
165 469
283 1000
52 652
273 442
442 784
213 577
298 466
700 966
553 693
150 198
69 175
355 728
537 592
130 135
310 911
707 916
239 967
89 322
696 985
443 853
474 904
502 939
648 910
26 900
279 446
34 374
58 203
156 632
34 485
721 1000
202 806
719 976
37 343
732 833
232 695
257 277
105 528
473 678
518 991
159 502
278 843
347 705
365 566
320 807
78 495
129 486
368 587
65 197
261 346
840 991
26 797
295 425
107 524
66 89
513 961
541 796
545 794
365 430
332 745
899 931
9 829
408 748
167 926
237 382
691 908
108 796
291 701
451 850
27 334
897 932
10 369
212 579
592 697
151 882
45 285
40 258
482 625
154 903
207 993
355 943
487 703
185 678
442 645
97 157
109 418
168 897
733 995
110 820
53 142
304 309
411 469
375 398
177 207
320 994
190 431
290 996
664 825
474 883
153 866
259 869
18 112
344 993
524 743
287 947
414 890
201 388
14 25
480 737
90 587
181 844
221 673
89 515
25 553
152 841
187 507
173 617
479 605
227 726
48 135
139 510
82 200
212 750
459 819
237 965
117 298
181 301
139 807
511 719
109 249
426 528
649 976
807 900
76 450
313 969
713 831
64 746
67 644
16 220
200 420
20 498
109 405
396 777
99 790
159 337
488 879
212 958
354 428
544 961
337 588
568 634
243 788
545 663
68 246
249 661
945 987
409 499
61 672
239 793
92 461
694 706
478 773
348 688
199 582
20 228
358 665
485 818
483 569
143 415
269 892
598 749
306 924
880 890
51 753
445 837
53 156
144 500
213 225
600 780
167 859
376 437
239 792
784 845
828 953
242 918
134 795
143 625
232 554
126 156
492 607
401 527
72 456
644 735
663 690
60 681
96 117
226 616
411 574
127 519
128 748
504 630
466 509
227 981
27 192
104 547
91 588
14 405
156 890
271 420
543 1000
118 884
221 753
27 755
325 728
13 493
564 646
239 485
397 642
59 760
119 272
211 276
343 709
529 628
331 905
345 703
14 194
569 597
599 683
666 862
492 595
325 937
779 955
7 293
222 514
419 501
688 697
31 900
344 950
468 728
101 961
787 915
297 664
802 863
234 907
524 873
84 537
237 303
693 811
106 215
319 700
416 959
632 635
4 263
18 622
128 631
806 969
325 800
57 251
48 875
254 671
508 705
320 940
342 633
373 678
94 832
658 700
610 827
461 833
227 802
600 898
198 706
763 934
502 579
886 936
69 734
60 660
325 992
84 157
244 937
489 605
354 451
611 710
230 356
196 256
1 655
718 771
722 802
121 862
213 783
358 795
266 298
686 894
318 358
71 415
232 425
386 989
959 989
225 568
129 539
296 856
45 235
215 560
490 494
182 264
586 769
352 579
408 566
391 999
547 746
559 851
223 824
89 849
318 822
102 397
215 454
379 527
292 687
15 523
385 401
12 957
143 752
301 430
16 937
247 876
283 372
193 673
134 371
240 345
429 933
196 950
35 834
192 678
58 64
73 235
760 958
189 549
321 599
69 680
244 831
330 432
526 804
240 364
554 633
530 812
435 853
240 677
127 810
88 425
630 708
406 580
501 601
194 777
536 636
389 691
675 867
32 77
848 866
56 841
154 739
253 288
150 952
4 118
236 328
61 497
527 757
61 162
668 997
294 796
227 718
187 582
115 651
92 400
635 656
375 878
163 544
422 832
420 819
460 819
96 314
310 376
132 933
314 619
39 988
437 633
184 655
319 683
60 830
570 899
566 848
74 550
52 647
41 791
78 571
768 996
468 689
4 759
74 840
156 518
405 445
206 303
188 456
272 547
498 643
351 707
61 130
134 801
526 581
955 973
138 923
204 731
692 711
57 670
123 224
55 473
567 757
374 538
574 909
356 413
104 373
450 906
697 763
436 691
225 715
209 711
228 825
760 882
276 819
20 458
326 468
433 904
67 981
299 500
196 765
581 937
54 741
251 365
184 543
385 630
570 633
11 502
172 653
719 950
628 902
227 424
23 525
428 916
209 605
245 979
101 705
250 525
618 635
72 754
600 649
490 665
493 626
219 599
338 669
182 881
59 891
86 928
588 663
166 887
280 375
105 327
126 864
401 665
513 623
229 250
550 588
955 962
430 515
34 143
220 955
131 579
558 773
42 192
121 827
969 971
77 694
73 451
351 902
141 300
416 754
579 634
399 890
135 296
480 730
180 332
646 996
145 429
33 94
689 825
497 506
761 853
186 857
632 695
9 361
338 944
113 672
375 657
196 963
228 949
45 519
526 773
242 255
351 822
394 431
177 782
248 812
106 390
73 343
384 492
6 361
319 680
510 936
138 874
271 651
111 181
133 182
557 747
211 943
515 875
581 654
598 679
63 126
456 714
224 423
109 601
418 835
74 187
680 894
229 498
409 782
132 924
352 806
271 489
967 979
838 871
9 685
641 984
52 76
227 825
458 676
226 489
661 839
369 832
575 918
169 610
199 530
416 436
360 604
9 566
642 902
37 988
313 489
353 763
420 653
792 896
217 326
202 360
138 698
539 724
46 861
60 436
299 920
40 561
50 435
191 317
310 462
658 792
313 792
385 875
501 834
71 362
171 329
369 709
278 927
190 346
315 922
159 224
92 138
18 468
371 985
667 701
763 768
260 466
413 881
501 807
19 72
934 979
148 254
560 968
33 453
97 309
92 786
100 991
162 601
287 560
861 915
387 570
266 657
488 974
342 541
470 823
574 888
452 560
826 877
541 905
382 825
374 645
159 376
502 875
64 526
114 822
576 926
121 953
289 905
275 625
287 292
140 171
661 812
329 442
139 978
856 942
80 242
205 359
657 779
896 945
491 693
340 518
568 764
338 419
372 764
359 981
25 776
18 893
144 556
29 320
778 949
518 827
337 649
335 436
200 219
276 353
9 906
519 778
403 953
70 701
169 905
418 998
521 701
262 585
282 987
10 21
373 582
408 498
36 922
365 988
710 913
13 969
343 631
536 650
372 615
291 372
572 801
874 885
737 850
255 679
4 130
252 898
272 276
600 844
73 90
268 495
596 665
179 644
177 557
29 722
63 193
145 180
325 791
236 603
338 424
163 352
459 618
163 497
439 902
283 492
742 897
449 484
856 961
424 519
445 607
367 772
277 669
26 570
67 307
147 906
572 641
217 942
684 908
24 683
910 977
62 466
642 909
55 133
51 966
201 258
352 776
245 617
660 988
292 568
621 903
149 624
6 928
375 673
480 695
575 784
606 984
267 312
177 766
142 363
139 251
140 869
68 765
385 415
474 699
39 772
462 696
88 488
217 736
157 431
140 520
398 886
185 482
212 476
720 878
264 342
400 978
324 828
653 720
301 868
594 710
612 970
286 550
15 701
91 348
372 967
397 622
193 903
336 935
487 577
426 694
590 784
650 956
83 805
260 730
695 706
284 525
160 448
309 538
285 448
762 904
470 971
663 770
63 529
659 688
552 686
197 936
77 932
155 165
146 149
597 696
862 906
639 845
367 892
226 257
277 996
57 498
169 479
23 392
184 849
9 611
335 804
417 853
58 221
271 689
418 785
490 750
244 416
618 741
155 892
250 847
676 990
47 576
325 569
12 193
462 487
310 594
439 891
436 658
325 656
126 327
281 720
398 585
140 591
242 970
315 626
197 488
450 578
491 795
261 960
484 789
426 1000
106 814
343 807
101 547
741 758
156 601
546 619
442 980
531 558
126 179
477 530
319 787
124 579
58 113
215 884
400 723
439 472
192 208
82 937
328 576
605 655
436 988
248 982
181 925
75 593
186 548
538 554
97 182
612 921
79 964
394 914
195 735
12 887
309 825
457 830
307 979
272 986
111 227
380 872
26 86
138 451
792 835
110 852
446 746
38 386
108 918
425 762
496 548
450 689
141 184
336 665
184 335
90 410
4 25
160 758
505 610
38 361
301 685
38 647
125 900
22 962
155 750
51 229
856 951
78 458
465 771
620 987
451 731
459 605
19 719
627 876
373 884
563 573
102 161
269 495
622 940
532 724
7 513
362 477
563 888
43 728
471 709
36 638
431 649
156 586
464 900
473 511
292 714
232 270
842 879
77 546
506 904
25 809
85 572
277 359
256 426
311 650
150 838
393 574
710 986
346 995
463 940
149 717
8 877
59 176
308 712
710 862
484 768
289 967
89 228
699 872
380 827
635 720
82 740
525 665
434 637
144 573
698 795
26 827
12 16
28 735
14 152
544 933
635 852
241 498
380 742
168 353
30 852
387 883
293 411
477 623
234 595
326 977
53 530
109 926
658 849
433 471
147 638
456 938
551 716
464 496
594 694
103 978
329 421
44 485
348 905
419 554
359 807
211 315
137 408
567 645
475 998
684 735
295 586
47 230
211 466
45 126
867 954
14 180
308 813
629 987
95 121
79 164
497 724
36 42
52 841
570 814
308 913
263 320
730 948
194 645
637 929
246 831
804 846
37 794
258 845
49 533
965 978
30 180
620 801
137 636
371 793
231 999
73 685
300 670
795 873
583 780
588 713
62 580
309 999
463 521
633 888
184 194
2 397
166 642
199 926
267 810
498 743
311 738
161 414
35 740
853 937
177 837
86 885
147 645
386 908
339 852
135 596
663 774
306 972
215 289
24 200
435 822
161 894
21 138
540 760
444 673
134 605
215 583
153 717
803 804
13 318
197 805
348 949
248 958
104 188
100 934
716 801
924 977
161 282
205 554
467 620
530 638
40 633
589 901
244 908
97 950
273 294
126 458
664 960
461 884
530 661
220 392
843 950
209 296
321 575
65 190
852 905
124 657
915 942
50 765
123 975
87 653
44 117
625 698
195 792
564 572
116 481
238 399
255 982
100 677
413 603
755 882
421 866
551 815
24 969
376 415
179 271
503 772
263 791
640 851
870 920
77 332
143 404
724 890
452 695
135 565
386 958
546 584
621 851
653 845
202 288
733 832
328 474
154 233
369 428
751 879
333 717
177 942
146 294
788 850
359 591
511 716
219 288
280 285
876 882
208 722
269 627
421 816
645 889
233 870
407 703
223 865
400 801
522 954
81 932
344 850
70 374
370 857
695 872
23 333
581 789
728 894
557 813
213 410
679 801
665 837
707 789
68 981
99 830
401 557
18 314
877 919
45 829
259 305
303 684
84 364
372 950
212 250
905 915
251 481
497 517
11 852
336 379
310 746
27 502
70 823
389 995
86 228
576 848
462 694
82 189
453 483
147 383
11 495
156 987
270 385
231 400
195 553
551 995
476 613
453 943
884 977
102 903
546 618
364 677
89 828
352 704
110 145
444 651
410 515
94 440
161 739
376 608
145 541
33 106
482 606
314 532
554 736
551 893
262 437
250 571
364 918
261 908
327 547
488 603
207 784
167 679
537 779
248 440
667 971
476 700
379 503
179 746
632 925
504 882
598 904
102 926
107 305
210 797
315 591
539 719
494 873
417 517
159 563
206 640
711 713
374 587
148 500
110 877
795 852
123 911
622 939
44 121
274 493
370 888
179 433
824 832
287 490
30 985
338 754
74 315
253 895
220 385
296 320
267 886
676 922
506 616
130 174
685 948
509 779
121 373
63 87
346 599
349 974
256 536
27 157
263 749
285 470
473 958
64 977
261 713
373 390
439 448
71 316
341 506
211 367
635 934
15 166
493 601
72 787
278 634
115 993
440 802
545 550
6 57
246 774
186 362
95 784
918 931
14 345
283 704
99 475
349 608
117 944
77 968
145 855
574 648
340 676
144 534
365 516
229 463
611 921
250 430
621 683
2 314
278 424
149 741
12 756
34 296
85 182
289 723
583 993
159 356
893 974
60 122
654 773
399 625
571 663
470 618
323 799
626 817
38 261
476 848
31 289
443 915
372 638
363 719
66 288
266 507
743 767
195 678
525 749
93 694
578 783
380 505
442 553
211 596
807 857
371 787
634 890
205 913
664 856
275 505
134 699
35 609
162 307
571 582
431 691
609 777
494 868
237 249
776 987
25 58
447 539
237 275
354 427
481 694
113 135
420 753
195 780
377 538
119 709
108 507
458 881
124 715
290 581
564 773
4 550
201 782
410 842
192 313
568 697
119 830
44 834
131 577
180 261
47 779
328 844
581 855
312 381
322 632
509 778
136 567
336 781
57 189
413 845
15 506
524 591
539 749
402 737
146 647
103 633
317 417
218 768
90 480
204 436
405 617
738 959
22 973
497 953
490 607
216 497
21 917
74 431
313 555
159 646
683 712
207 753
329 639
46 376
692 839
165 858
165 978
406 499
30 804
872 896
288 626
152 235
359 516
351 979
506 726
228 431
205 889
615 943
249 508
169 662
67 516
379 563
685 828
569 937
235 728
731 741
10 988
161 771
534 717
156 361
781 953
323 907
568 722
13 790
388 769
317 342
30 983
241 276
834 987
514 696
269 825
491 589
763 979
549 567
423 576
136 866
477 502
29 796
808 902
57 902
479 929
573 975
541 745
22 909
294 385
69 787
568 915
157 496
26 118
278 411
214 438
465 732
257 693
155 519
378 931
400 976
514 925
435 681
297 785
226 619
397 909
631 776
429 859
48 400
243 275
877 898
429 681
388 555
394 399
452 838
376 834
188 349
1 71
412 564
383 794
411 548
7 432
115 277
98 322
386 940
588 637
788 900
455 739
147 539
247 738
310 387
116 686
98 260
70 409
93 157
152 169
689 751
583 698
268 284
95 854
460 989
603 697
206 964
296 631
585 640
235 858
668 985
169 586
193 442
62 473
810 820
111 732
599 940
542 770
767 951
459 942
71 438
17 516
558 872
394 962
167 275
843 850
278 921
198 729
209 869
761 834
509 963
742 804
296 820
418 822
162 166
549 701
383 959
378 935
42 349
234 975
123 584
384 776
365 443
37 681
545 645
335 531
244 471
187 694
342 807
328 981
315 351
75 136
326 343
420 486
362 541
89 447
33 419
546 766
33 217
17 560
162 834
569 660
181 649
93 577
155 489
269 989
399 617
287 608
135 860
558 602
126 295
355 998
423 590
123 606
221 575
113 729
169 832
255 735
220 432
129 925
96 258
341 647
263 358
59 465
453 708
193 491
953 990
50 705
490 502
735 920
121 483
60 135
716 894
403 677
408 457
208 336
483 570
540 899
78 827
272 691
471 983
183 765
294 508
167 830
164 368
216 926
749 834
182 595
374 667
343 738
486 925
174 314
75 290
244 317
953 957
21 231
624 920
333 830
264 692
940 966
36 982
413 729
63 853
769 971
698 894
375 907
279 375
231 547
466 598
231 281
313 613
32 68
243 527
251 837
84 747
545 860
206 622
163 906
340 349
505 590
328 548
164 977
458 613
14 977
360 768
246 648
411 926
2 989
171 688
321 670
26 629
240 434
478 801
633 910
454 602
158 632
7 289
113 896
167 217
580 825
64 994
31 967
199 822
384 906
260 640
310 973
509 691
477 804
227 347
560 844
108 490
806 821
858 917
572 997
90 751
541 652
485 770
93 265
23 265
22 642
639 673
712 971
102 263
800 810
448 551
314 703
655 739
244 900
267 443
109 699
395 483
697 836
94 479
74 181
309 624
669 871
858 960
690 870
414 744
351 935
310 691
277 900
23 840
488 651
943 966
464 755
669 824
116 814
103 920
292 503
567 809
150 716
233 392
132 717
486 897
123 553
952 986
597 904
16 245
202 216
293 368
305 888
334 919
139 159
804 879
598 631
39 840
87 282
40 571
874 976
636 782
60 666
404 827
537 993
257 508
689 776
217 490
127 222
211 420
395 992
693 944
185 501
153 724
363 833
474 903
12 783
122 239
270 740
637 838
208 719
799 973
200 386
460 1000
151 346
573 648
140 381
378 934
364 812
379 517
304 607
683 707
155 736
96 591
234 885
208 509
79 457
345 485
670 947
395 433
560 887
83 235
315 764
448 754
730 995
49 360
247 573
487 648
419 892
282 343
16 827
621 936
528 710
71 934
214 394
346 371
472 768
341 838
603 850
372 899
674 761
377 680
36 964
64 234
638 760
281 698
313 841
430 637
394 774
37 396
45 403
549 855
61 373
435 829
190 208
121 310
291 501
217 456
325 824
573 953
440 790
319 507
112 947
362 908
707 992
333 962
360 942
441 951
3 969
177 765
359 555
237 481
48 614
720 743
17 929
700 796
148 594
629 906
176 732
430 487
260 418
141 538
274 321
395 399
257 427
90 917
112 235
12 583
515 584
61 899
26 914
650 965
415 614
315 507
190 267
735 946
262 361
124 797
472 753
873 995
62 542
672 718
80 428
572 892
44 154
556 978
72 818
344 577
475 726
107 459
542 611
113 450
100 853
534 758
359 667
140 571
175 361
283 332
651 909
302 990
54 62
297 339
223 925
9 523
793 869
41 615
621 799
265 493
393 606
125 784
46 829
358 929
668 880
384 495
232 789
161 877
9 131
192 431
131 519
183 323
242 728
180 758
579 674
11 489
231 356
230 924
702 752
124 641
322 679
292 882
823 986
901 954
355 400
131 930
648 840
98 823
33 656
244 408
70 900
284 868
382 851
286 301
546 786
23 286
331 795
769 907
448 887
364 555
385 390
386 799
90 528
556 714
50 984
252 544
111 853
740 895
266 366
127 893
81 713
421 702
217 904
152 624
93 845
107 745
57 244
310 510
625 628
696 952
593 871
255 724
104 539
914 924
671 885
152 615
3 60
298 713
781 923
493 918
608 664
367 442
64 583
194 230
230 378
154 299
531 696
549 577
85 668
488 637
132 739
286 929
479 537
722 959
160 765
147 707
562 925
482 831
507 751
283 341
356 836
161 963
168 893
386 886
127 348
499 686
376 953
200 878
174 747
193 685
435 734
487 993
172 215
740 903
95 500
501 615
263 393
337 789
847 863
510 678
86 922
702 994
12 985
684 775
74 836
387 701
68 145
337 821
200 786
3 844
551 797
85 822
135 802
413 938
209 745
148 984
541 907
256 544
536 868
568 988
752 910
439 595
38 796
482 578
162 239
4 62
191 336
380 930
157 612
649 913
703 892
404 596
503 932
657 734
305 925
17 912
94 820
527 671
166 878
423 465
628 743
601 788
65 658
185 254
133 711
572 685
676 810
133 856
561 792
753 772
88 508
200 202
351 892
56 782
334 755
897 931
268 556
411 835
76 465
79 437
904 975
252 604
303 550
100 797
662 719
80 391
32 960
860 939
384 706
505 969
536 919
114 379
449 656
325 857
31 364
22 69
420 522
50 968
919 971
523 819
460 652
160 764
557 754
383 661
418 743
141 988
766 966
6 800
178 350
125 449
34 436
260 895
82 484
424 488
675 819
306 655
848 895
151 838
504 972
455 468
429 557
761 923
45 260
279 545
184 585
581 975
180 450
534 792
450 862
174 862
96 793
312 383
471 758
342 900
35 112
542 917
594 828
184 565
393 807
644 973
149 503
944 985
152 888
87 309
762 989
395 763
519 796
421 611
386 766
108 815
754 867
447 520
304 746
361 680
463 785
529 961
561 735
359 717
320 459
82 106
455 710
407 819
90 345
85 473
278 436
407 844
544 786
327 666
938 996
183 521
201 560
457 838
232 249
77 147
359 411
132 907
775 804
392 575
332 443
533 800
492 718
561 942
208 787
12 782
84 87
447 931
6 688
397 562
139 732
259 412
87 789
669 709
454 548
793 881
229 726
394 766
455 743
266 297
232 990
73 963
267 983
480 615
831 984
374 921
199 775
135 737
281 414
426 693
63 533
535 961
379 806
879 942
111 992
166 301
164 327
149 273
66 679
560 873
537 986
243 264
222 392
300 434
319 818
49 593
304 377
125 496
611 891
161 257
649 905
197 347
539 659
160 221
119 370
704 978
339 366
94 982
256 275
277 641
46 325
24 766
105 789
684 801
399 583
758 797
296 321
213 768
375 457
78 518
525 826
127 638
370 944
102 127
431 994
473 950
24 604
444 775
623 821
434 712
679 952
636 786
797 981
177 547
778 837
485 734
314 984
19 901
320 509
982 985
49 50
551 981
205 410
141 511
129 592
708 772
515 703
53 479
169 605
642 767
320 422
906 956
189 958
454 499
219 881
225 944
422 788
35 207
174 260
4 49
110 793
491 759
217 444
687 968
459 695
430 921
368 965
359 574
627 667
70 634
506 741
442 461
185 600
535 802
115 432
209 716
172 854
507 811
187 990
329 341
591 884
301 334
49 353
284 794
203 645
221 414
247 942
50 151
668 977
452 861
701 803
92 856
427 607
140 879
405 511
467 614
376 947
581 851
99 505
77 106
132 286
451 694
279 484
706 777
2 958
30 559
690 819
478 557
395 832
116 536
238 876
380 504
802 944
475 607
99 669
656 880
114 811
562 865
444 666
245 626
930 932
236 386
353 823
12 844
393 461
86 875
8 305
664 791
59 262
61 718
153 913
677 698
51 401
212 426
872 968
128 620
61 521
480 977
629 889
324 818
43 463
312 790
543 729
638 641
181 579
164 922
69 280
35 870
656 966
5 129
151 921
488 526
140 201
808 933
263 618
820 926
335 834
25 733
326 891
425 507
78 813
356 361
740 806
317 888
269 930
14 110
313 402
315 680
104 443
225 350
3 209
752 958
66 446
97 232
42 670
141 921
564 951
557 885
512 628
409 510
254 696
109 694
423 693
822 980
134 486
546 938
945 949
189 642
246 290
502 729
290 816
72 926
571 915
324 847
522 683
104 263
195 611
604 978
855 902
411 644
223 935
300 730
416 545
259 798
233 331
248 657
193 806
718 871
923 969
46 95
377 556
614 809
26 163
268 721
699 805
75 851
59 986
162 253
119 701
15 313
481 851
272 758
523 891
559 873
579 947
138 821
149 906
5 246
305 452
407 504
211 353
109 801
328 564
340 833
356 738
127 422
61 257
428 939
762 948
102 276
882 964
183 263
848 933
417 703
695 773
562 808
570 756
383 800
164 654
285 931
81 547
684 954
40 794
107 835
15 518
539 852
588 689
70 771
25 478
130 622
794 874
410 598
443 828
153 166
316 422
634 652
38 865
346 417
196 959
351 379
9 414
177 470
4 361
192 688
877 910
116 974
611 911
222 792
747 995
101 897
142 165
861 947
111 254
647 920
103 311
124 839
336 544
438 871
106 956
456 803
686 958
3 183
865 888
84 335
527 696
22 271
321 847
682 883
167 884
78 648
81 434
205 252
52 512
30 750
191 797
510 796
342 773
216 314
375 546
124 776
35 244
230 537
207 537
248 297
286 549
19 591
569 662
358 493
163 565
212 646
294 655
24 510
398 602
512 541
2 54
380 770
6 540
643 839
553 841
328 446
425 775
417 957
357 812
477 955
14 648
507 677
358 415
525 744
447 569
168 716
355 848
50 979
113 575
161 291
35 506
228 469
628 896
578 688
124 157
137 920
410 890
7 820
29 477
534 931
499 664
777 910
411 557
46 834
56 596
504 911
497 553
594 985
738 901
8 78
55 516
340 571
88 556
372 816
78 959
533 753
369 543
148 660
800 883
49 732
120 594
115 864
411 824
455 915
352 460
292 341
299 753
405 481
216 281
66 118
60 769
238 558
5 125
138 917
636 701
609 796
75 996
511 913
91 627
130 863
281 623
353 545
332 906
236 604
172 919
86 712
325 862
119 355
655 860
73 426
136 865
21 390
139 777
15 629
503 633
437 649
965 989
653 778
540 633
94 741
113 579
130 533
405 876
109 912
357 949
242 797
169 893
906 982
206 220
143 368
8 916
174 867
579 901
47 494
280 591
508 829
413 488
99 914
714 767
108 987
728 808
278 335
477 711
31 338
29 676
172 603
214 616
381 956
668 733
158 652
4 736
210 364
355 946
254 422
344 504
667 936
651 970
183 893
65 920
668 775
358 593
658 871
86 369
34 993
123 178
9 743
609 843
630 893
888 902
506 982
97 522
453 513
699 955
164 214
381 536
98 787
377 637
291 471
198 324
205 393
479 560
219 570
188 868
765 796
18 597
56 378
538 782
366 907
93 590
251 904
299 726
77 393
373 682
53 860
13 899
845 874
301 424
122 759
200 497
487 515
788 821
321 524
275 410
922 946
433 831
11 739
235 618
880 975
219 342
184 279
200 751
298 379
243 827
113 934
35 519
656 872
480 531
282 869
325 976
172 756
707 711
1 673
293 481
16 153
133 682
543 826
324 743
237 977
526 887
770 805
202 749
621 644
854 998
146 279
521 978
791 909
58 910
299 342
198 876
37 142
45 973
148 930
676 812
785 942
273 286
282 335
151 286
158 540
385 685
222 412
216 801
400 600
546 957
65 919
23 656
770 928
315 519
488 895
755 811
759 826
155 915
539 780
428 781
242 708
75 482
449 771
161 537
460 586
132 673
135 826
206 516
176 830
830 896
657 919
10 152
244 335
41 943
89 275
672 981
162 420
596 768
748 901
350 673
32 129
299 755
917 965
182 520
242 894
478 595
563 597
332 612
194 867
160 279
146 366
131 161
91 386
512 815
586 603
404 747
480 870
602 778
224 729
490 496
96 527
511 992
587 880
82 343
28 38
936 970
28 345
458 703
65 592
620 853
129 369
510 828
373 632
478 766
494 737
24 727
158 790
505 601
265 634
564 745
383 459
583 976
124 376
233 735
432 641
750 875
31 831
349 516
58 679
603 987
63 273
85 224
435 587
398 417
560 739
40 600
503 515
256 835
104 894
241 245
256 747
429 450
572 986
117 465
526 714
912 922
328 918
349 808
762 849
496 718
215 640
575 589
49 160
427 847
178 492
303 413
259 863
17 651
386 402
681 849
122 574
40 436
14 334
2 433
111 219
497 948
381 747
270 497
654 727
174 965
123 165
693 967
394 798
813 952
429 850
328 572
659 920
626 648
106 924
668 934
127 240
360 898
963 970
18 481
173 222
427 544
644 834
177 615
462 823
270 470
887 974
180 839
374 854
141 527
306 657
553 868
723 850
808 926
549 708
83 647
113 435
742 756
658 714
275 557
219 717
74 168
883 990
391 715
329 748
272 407
201 938
3 614
60 395
434 934
165 509
336 400
426 959
219 416
407 640
748 987
108 486
55 929
62 320
735 775
594 916
416 453
532 744
136 783
293 386
167 185
589 787
627 811
220 660
20 971
391 784
114 128
204 884
52 236
308 359
21 808
187 932
51 141
438 960
216 936
492 733
206 237
437 742
13 85
415 697
289 560
511 805
71 980
432 768
109 917
443 687
316 812
199 831
142 935
889 910
720 954
593 973
199 886
51 964
137 447
3 104
945 992
254 715
212 733
511 956
856 857
361 721
50 848
89 271
431 725
239 661
128 140
283 363
196 840
602 661
658 991
859 978
39 698
253 515
234 830
775 992
187 974
143 816
336 962
370 669
277 769
63 673
198 557
269 791
9 263
82 917
22 505
152 793
341 933
72 751
41 594
156 926
338 407
89 551
344 413
213 466
272 486
292 905
640 661
333 354
392 974
166 624
88 849
472 602
204 298
296 989
277 567
405 478
232 756
518 1000
60 625
350 998
535 787
243 748
201 751
38 981
698 749
338 352
590 899
1 780
138 549
90 668
637 794
302 482
15 350
371 944
232 369
432 898
203 453
991 995
153 851
807 965
529 943
157 406
94 179
181 540
285 973
354 585
1 723
657 1000
754 905
942 991
176 716
576 927
197 986
443 679
305 838
367 649
536 849
752 878
204 676
748 890
359 440
376 929
566 640
202 260
47 638
405 749
203 897
483 763
762 910
169 769
6 915
504 921
212 992
155 580
33 578
7 384
406 633
456 940
182 275
69 553
524 832
799 975
890 960
526 666
144 440
259 839
701 896
119 167
334 842
892 941
425 870
195 746
429 1000
473 930
16 453
785 837
173 224
435 898
429 559
337 779
729 983
103 186
389 433
265 532
283 656
418 652
48 254
301 853
108 404
410 555
922 980
527 946
293 761
54 200
757 883
367 441
345 392
514 567
17 809
641 983
770 852
74 228
445 864
323 337
281 297
717 741
289 639
286 881
140 704
4 194
134 964
417 978
555 602
832 875
62 67
577 829
525 952
690 800
957 986
214 418
371 622
143 321
698 813
35 710
90 988
58 840
109 676
277 874
383 440
815 907
179 287
230 486
306 354
303 761
531 895
648 776
397 789
796 981
233 756
825 949
669 830
710 770
113 778
117 147
246 994
76 961
700 927
597 984
219 568
475 552
448 601
302 751
192 935
214 799
738 947
429 463
396 727
253 559
447 802
686 880
166 758
759 775
43 246
47 427
505 722
630 701
562 841
517 590
665 738
256 394
331 954
417 618
63 674
5 210
120 583
90 641
99 364
181 466
466 679
742 874
342 998
516 835
285 603
123 326
713 714
255 828
36 868
441 514
436 582
581 991
280 704
42 196
10 483
207 711
510 672
41 999
76 683
220 270
44 476
96 124
414 881
932 972
315 983
273 526
315 458
54 543
580 620
518 936
700 813
37 634
26 329
781 893
54 157
792 881
302 813
253 587
24 168
106 172
309 529
73 616
257 815
161 292
9 622
327 821
150 849
650 809
176 353
363 825
798 921
704 718
97 137
46 644
455 709
187 755
23 709
424 617
497 765
520 828
60 942
322 389
18 210
83 366
536 909
146 166
678 887
450 602
57 672
114 412
964 980
559 602
768 902
404 588
90 737
262 773
136 632
705 919
250 265
502 920
587 690
354 474
125 704
949 951
559 622
647 873
787 820
609 928
62 80
348 840
338 887
369 825
521 603
441 838
874 959
64 590
512 670
594 945
441 974
169 294
187 406
284 644
196 836
248 253
611 970
646 989
446 813
405 526
248 688
48 907
465 474
263 355
314 490
1 621
241 416
362 616
504 976
74 226
814 899
414 843
522 542
339 470
730 937
467 947
182 405
316 540
61 132
34 197
197 513
281 829
32 412
153 215
234 447
119 898
612 765
571 699
176 902
250 281
26 601
203 889
683 841
221 324
273 832
163 314
291 493
460 932
274 639
390 895
772 861
232 269
60 921
20 992
41 899
2 734
188 913
883 912
513 519
380 714
92 107
112 960
654 687
205 211
163 791
112 450
130 331
225 397
772 987
548 710
366 950
46 154
143 845
105 869
39 935
701 781
790 949
685 831
610 755
780 985
229 382
423 511
109 663
146 319
98 592
146 569
197 561
837 944
410 593
438 629
366 713
558 860
247 456
245 984
621 658
330 698
682 990
371 839
789 961
253 805
219 241
263 608
148 378
291 423
523 771
133 822
271 624
799 869
469 672
342 613
574 849
137 856
8 826
77 925
78 129
729 849
98 162
671 866
290 725
424 908
663 968
307 362
112 349
282 995
485 750
664 997
434 462
112 364
447 828
76 98
29 895
839 873
186 277
512 562
543 751
253 675
613 920
151 962
479 731
553 725
801 900
488 508
335 791
3 54
722 829
897 928
326 675
796 961
18 604
202 634
544 637
34 905
174 205
342 945
203 292
849 965
281 610
648 924
661 758
118 737
671 854
180 986
152 821
484 928
494 927
161 896
458 927
681 899
610 794
70 965
145 732
460 893
686 844
65 643
439 929
212 600
418 921
115 150
340 449
368 842
292 860
79 182
615 785
386 682
499 562
355 669
398 799
24 333
330 382
786 871
285 589
93 655
535 553
831 998
262 603
104 933
676 803
308 796
11 475
515 595
703 878
103 698
561 997
346 471
68 275
800 841
113 210
676 759
59 418
30 317
764 974
192 382
330 779
31 260
81 281
131 764
303 484
88 799
534 895
171 191
263 831
445 595
301 802
379 798
554 983
249 897
306 785
137 453
510 950
83 809
393 878
71 194
120 766
74 790
485 941
226 805
178 268
94 721
191 610
535 700
219 939
17 327
269 663
34 96
198 506
305 831
50 610
800 949
317 538
112 452
626 784
59 577
392 415
264 360
101 981
499 666
383 503
319 911
117 827
175 770
190 542
50 392
395 770
274 555
29 79
700 721
79 463
18 157
42 231
466 896
25 145
442 836
208 865
214 950
40 152
374 529
259 311
44 827
144 235
452 735
226 669
27 307
280 554
130 168
513 743
121 430
172 891
106 353
457 721
144 431
731 849
333 870
863 970
382 659
639 956
296 426
274 795
361 992
33 652
454 626
199 419
350 594
363 695
306 724
465 628
151 524
145 718
462 887
335 466
164 1000
282 671
324 675
53 728
28 284
691 951
478 886
714 837
75 385
384 961
172 974
454 842
869 883
303 734
77 989
671 905
72 363
514 704
696 925
93 859
685 871
49 496
1 407
45 921
248 598
197 208
173 341
167 797
766 822
340 948
22 588
585 939
371 579
814 916
74 760
372 509
334 812
18 846
414 437
387 460
290 976
699 876
759 935
164 436
176 265
405 972
665 990
362 686
429 865
26 209
141 409
72 201
468 863
132 754
46 938
172 899
834 930
762 850
164 823
438 760
882 947
247 280
56 115
99 240
404 787
221 983
212 592
160 566
308 783
296 991
482 653
593 937
642 697
73 178
181 926
103 868
711 742
268 865
298 826
421 607
140 411
338 525
131 292
240 851
20 226
340 573
599 659
204 985
8 14
595 868
608 632
622 805
222 789
194 268
18 573
378 854
422 922
743 789
412 998
105 679
330 593
421 843
214 845
682 851
237 590
72 946
83 313
19 310
162 472
555 753
907 962
236 795
169 387
453 536
156 352
399 972
39 375
503 819
721 788
332 528
131 570
39 994
669 756
465 940
48 449
619 689
618 680
176 693
391 553
355 622
200 624
378 628
440 629
307 578
195 935
366 815
590 684
252 309
632 738
24 206
342 715
679 707
545 600
392 538
57 738
337 772
49 409
347 968
73 215
733 814
598 618
725 801
92 342
201 337
520 654
50 596
306 805
429 898
23 708
133 528
550 762
520 690
59 707
90 796
100 687
402 850
331 688
394 937
219 722
223 609
79 239
302 543
576 671
606 726
557 972
644 894
185 860
620 914
212 809
6 485
9 306
311 896
684 777
17 805
254 552
619 808
288 889
65 903
117 331
33 431
334 540
118 210
63 624
450 486
235 836
890 955
692 816
49 467
513 652
252 410
68 508
270 953
345 558
846 911
283 417
315 784
77 125
298 619
522 844
500 525
618 728
415 677
728 776
11 681
357 762
223 987
633 865
142 223
262 421
196 561
513 570
344 832
201 998
391 971
367 450
177 762
288 566
489 653
425 955
139 936
406 572
408 659
381 449
462 721
178 481
711 716
630 823
231 580
280 870
618 808
173 776
788 898
365 655
597 687
83 570
664 857
807 809
232 339
866 1000
121 988
257 642
404 478
733 880
145 269
542 979
608 639
413 976
479 888
144 205
812 955
408 662
803 943
496 564
261 335
239 759
182 449
723 951
665 709
299 855
473 586
265 409
216 651
691 985
150 683
125 608
127 561
374 415
122 523
47 913
15 205
696 888
7 83
529 867
168 803
164 870
520 738
766 934
425 845
82 595
146 333
290 971
533 915
173 255
393 981
46 740
617 806
174 884
565 992
443 593
32 662
573 829
619 748
99 696
32 936
794 893
76 141
517 752
713 806
144 918
213 979
238 625
93 220
875 994
265 323
486 563
128 750
588 731
406 917
468 790
111 329
494 992
21 515
248 914
358 533
305 708
5 624
16 410
264 302
174 305
217 866
137 768
267 790
205 886
21 175
154 450
542 783
594 622
231 584
81 949
250 651
774 820
60 881
791 863
121 932
50 721
597 703
17 723
73 102
520 898
192 595
28 948
113 343
746 785
143 455
91 674
168 943
57 265
520 760
7 214
281 859
271 306
662 682
138 757
946 966
7 151
67 419
356 850
578 662
181 205
87 305
199 657
250 940
783 827
62 682
991 997
657 769
82 841
211 427
715 810
91 450
351 727
245 916
516 632
572 695
136 990
198 530
213 485
154 814
171 825
108 706
222 862
473 501
6 565
772 924
542 769
154 256
652 664
168 344
420 637
654 986
671 753
713 893
326 339
98 438
196 846
3 247
373 962
445 557
918 985
87 95
38 616
63 602
64 961
86 645
466 664
127 406
487 544
809 817
5 98
188 702
292 813
744 798
319 556
468 668
403 693
276 747
1 767
297 333
60 85
38 638
85 966
338 921
436 524
819 981
146 853
36 631
184 703
679 839
438 676
433 470
221 430
196 534
635 668
428 923
622 913
679 975
197 712
236 844
173 741
365 599
66 761
225 534
304 650
175 455
352 919
719 952
256 491
419 817
354 723
79 523
913 939
426 788
367 497
639 936
270 594
616 783
413 805
326 553
19 826
417 628
504 558
705 872
351 853
298 682
412 767
326 755
754 914
158 666
60 475
192 586
41 73
384 411
499 845
647 859
318 543
287 896
697 902
142 676
441 714
214 979
368 969
323 663
30 347
552 987
63 445
219 537
399 492
699 875
77 103
320 437
970 997
319 623
425 538
617 948
312 579
66 333
631 754
339 806
390 415
40 985
696 968
501 646
353 959
396 473
78 414
905 965
475 645
675 754
565 738
594 882
93 893
599 966
92 348
98 653
878 922
238 251
176 964
837 840
175 578
115 826
353 977
281 714
307 308
441 619
440 895
451 889
545 585
45 962
412 457
429 767
375 723
602 692
590 897
86 881
233 237
83 834
450 847
202 339
158 636
190 757
39 591
115 1000
753 855
141 291
92 425
256 883
7 182
195 325
582 747
299 891
16 47
267 743
75 302
405 630
405 660
264 921
440 644
530 791
391 611
298 329
611 738
122 491
247 429
76 739
186 928
533 580
256 543
382 673
628 648
667 814
723 806
601 646
534 911
23 912
597 868
222 505
830 919
234 890
255 994
171 924
324 711
154 362
270 427
510 964
264 488
276 833
224 624
71 975
314 881
68 738
584 697
285 422
746 768
439 505
2 559
925 978
170 848
235 430
584 917
73 107
15 191
641 661
42 105
135 749
257 907
202 986
155 907
443 749
317 533
394 484
268 452
295 720
681 777
213 243
524 984
98 340
337 655
273 787
360 824
402 816
287 407
200 566
624 760
91 575
42 718
203 460
1 712
574 734
21 909
630 709
874 928
160 645
251 306
85 755
84 348
66 149
329 429
748 779
173 282
44 824
310 955
276 562
91 941
192 314
348 352
173 752
654 824
269 330
728 880
45 485
459 967
36 737
481 970
40 619
288 427
55 76
581 928
119 879
186 189
261 366
127 458
684 934
16 669
225 763
456 482
79 706
591 787
377 842
121 735
235 690
261 911
427 681
690 781
285 732
389 720
491 511
194 432
623 892
328 928
223 898
659 714
81 792
17 575
403 707
278 903
283 568
710 901
227 545
320 632
49 710
111 927
367 729
421 993
508 980
87 764
272 302
144 636
815 940
528 542
161 755
607 887
791 875
351 652
499 640
373 469
16 742
549 882
538 751
275 433
670 900
607 649
839 893
486 946
512 605
390 572
582 706
75 301
99 788
673 991
442 751
233 591
25 238
98 239
350 397
878 944
55 945
21 409
327 860
304 748
56 156
272 542
182 303
39 731
558 661
98 620
494 965
365 745
674 929
273 389
152 984
431 840
251 279
19 308
201 313
178 586
632 755
388 745
178 612
150 752
133 535
93 548
32 548
709 871
117 245
342 630
565 853
48 716
406 454
187 671
529 548
275 300
619 691
312 830
582 750
338 537
244 433
387 979
816 997
746 782
806 816
103 500
341 776
638 880
513 725
635 910
360 564
447 945
172 362
297 564
96 794
762 946
224 819
256 978
304 501
317 599
422 961
237 632
251 482
168 700
279 923
213 901
288 365
490 503
392 582
744 807
19 928
437 758
181 663
398 717
608 840
228 577
449 543
204 849
565 577
818 860
85 641
82 929
621 759
429 846
401 509
299 386
183 370
248 670
172 743
323 584
462 947
69 939
437 612
86 185
116 681
430 641
631 664
606 930
38 417
218 247
647 731
623 858
64 69
441 957
197 302
587 865
50 797
226 524
7 772
548 827
412 875
232 1000
316 339
344 864
956 982
250 311
435 736
142 686
676 712
260 779
147 148
318 974
167 764
36 440
108 453
296 514
220 956
51 890
267 290
678 812
413 619
770 904
584 873
135 980
420 429
144 680
771 822
25 970
287 664
742 800
93 850
198 235
273 653
589 803
752 889
460 952
737 779
729 961
622 817
717 986
322 749
150 300
215 470
217 225
363 892
300 541
210 267
322 539
67 891
260 556
52 101
624 835
154 395
739 960
552 627
582 948
145 931
496 614
519 635
144 729
35 84
896 989
137 220
274 995
521 556
10 484
115 381
148 966
102 908
541 794
117 499
365 386
563 746
354 928
64 328
566 896
210 406
68 299
779 961
799 852
214 246
55 464
448 564
255 902
487 868
858 870
211 263
346 793
95 321
53 631
920 998
230 895
625 988
128 605
87 265
339 960
274 494
15 173
709 830
444 948
677 821
99 370
330 504
300 477
123 458
114 964
678 962
481 687
250 785
42 120
8 502
740 963
172 983
758 770
662 717
495 910
681 930
347 503
100 643
266 844
274 917
705 906
96 842
55 312
266 939
43 529
198 258
622 753
43 483
13 390
29 122
442 550
471 885
541 931
402 992
371 520
457 915
505 628
145 309
679 879
282 532
446 682
492 609
22 930
209 531
401 774
218 295
167 649
565 613
9 341
106 482
101 502
429 620
133 695
112 936
885 920
31 865
230 423
620 961
75 785
259 520
392 720
185 540
227 352
717 952
307 590
577 584
206 723
492 608
19 615
716 966
171 832
560 1000
394 422
862 909
61 398
368 996
43 241
370 785
1 708
213 795
726 800
234 580
523 948
132 743
245 533
473 677
129 555
215 542
192 799
437 517
114 684
13 332
555 842
780 964
538 564
13 661
18 377
318 593
584 606
70 723
224 660
402 521
42 360
24 446
673 880
14 562
406 988
210 976
432 914
636 915
172 354
81 403
222 262
158 243
172 655
470 535
103 490
181 383
128 800
164 372
510 836
117 274
516 687
53 980
121 245
164 190
351 551
233 750
483 789
286 598
197 266
323 818
24 459
300 798
169 297
328 892
426 500
278 973
20 671
348 402
231 854
584 925
552 863
579 671
364 479
222 226
231 885
221 481
123 454
5 837
842 929
754 962
432 511
295 334
528 640
368 374
29 243
734 921
65 986
62 178
862 964
452 501
594 715
360 617
592 829
170 997
8 24
532 898
414 995
367 990
331 551
29 646
201 788
240 362
324 745
391 832
299 301
130 956
581 980
493 621
88 650
715 723
484 599
374 951
163 903
41 538
149 220
124 400
847 858
675 685
88 113
66 945
107 738
18 139
201 246
272 284
680 956
43 796
33 900
924 996
234 375
159 796
207 577
159 675
120 316
286 323
620 877
258 334
84 616
507 576
103 729
276 634
235 890
100 795
32 866
340 509
577 797
40 73
31 845
102 997
176 419
216 259
92 238
251 326
762 774
132 246
166 491
211 579
220 381
544 988
106 567
286 570
603 650
337 858
28 526
103 807
771 899
110 975
647 958
300 933
58 693
583 869
570 830
817 951
78 464
311 841
439 996
272 474
224 606
228 769
60 291
792 999
378 747
58 104
173 885
30 596
307 766
150 199
95 906
549 608
322 872
266 571
303 674
554 655
210 347
305 433
51 865
70 945
234 966
10 85
70 947
128 845
720 781
166 957
558 883
124 850
536 872
540 635
327 613
212 817
585 803
408 652
203 445
553 761
377 445
65 301
311 861
724 725
36 544
348 720
137 534
534 945
233 971
605 990
218 801
124 377
603 778
48 86
531 609
305 506
61 627
193 408
396 462
177 332
454 860
312 950
396 724
54 985
346 752
672 744
284 459
487 762
504 661
24 156
99 791
179 330
691 947
333 790
670 752
290 969
308 952
39 674
287 853
621 699
523 894
199 264
14 378
275 604
24 833
519 941
1 377
712 922
323 468
72 582
52 108
236 889
588 773
258 469
74 273
233 350
42 117
565 681
261 356
267 409
316 885
321 605
164 413
441 579
748 895
467 787
682 724
287 559
79 141
418 740
271 705
786 804
492 549
720 732
585 754
251 667
218 604
11 580
307 820
110 962
698 954
301 988
182 276
494 703
906 947
336 969
67 982
799 903
554 905
16 251
558 580
672 991
491 711
470 940
427 542
737 901
252 938
841 908
469 761
426 498
420 695
353 705
464 643
574 693
408 917
151 651
34 997
384 477
858 970
475 611
889 907
106 454
577 638
225 997
277 520
232 475
184 328
203 555
139 388
292 602
288 559
355 874
101 651
5 197
624 807
699 883
168 270
276 388
243 291
130 659
429 525
40 117
30 159
515 574
214 854
305 342
238 843
659 875
494 672
119 138
16 404
602 714
364 468
517 815
257 598
732 920
681 974
479 617
334 419
323 908
644 916
94 125
88 879
339 407
452 935
233 863
361 395
311 806
41 970
10 379
564 748
113 187
228 751
129 939
238 745
313 718
183 938
338 931
215 429
271 518
470 927
500 659
442 552
594 706
102 514
143 694
210 645
69 685
534 760
126 493
32 847
272 939
668 784
432 542
630 792
555 596
720 790
653 792
885 941
161 517
184 983
129 817
246 917
194 721
198 831
186 944
125 981
981 1000
47 59
561 877
378 773
630 931
249 476
359 831
143 228
431 854
502 915
278 727
433 517
369 829
326 882
252 324
557 751
302 903
59 246
93 131
656 923
719 746
285 519
206 866
724 959
609 864
763 778
191 677
354 575
318 809
136 438
523 531
146 580
312 881
565 804
18 165
218 265
552 837
40 754
672 882
464 789
72 996
411 686
338 632
109 391
745 877
853 896
136 294
125 933
124 923
569 778
263 812
120 786
619 822
69 910
408 614
267 644
330 373
479 643
89 196
931 936
58 240
155 901
255 340
21 152
449 463
719 780
483 751
749 830
5 730
109 862
61 94
32 774
252 615
160 304
471 650
397 961
262 707
637 650
747 933
629 953
618 736
90 698
43 644
452 737
551 795
514 958
174 187
858 962
581 861
107 711
143 218
354 584
643 731
149 424
160 682
290 552
546 842
225 991
185 785
909 967
118 187
176 523
115 148
897 900
597 947
387 719
331 512
565 945
515 814
295 579
410 771
423 984
709 744
612 813
364 770
653 813
332 776
453 719
333 645
228 447
594 671
264 553
116 688
222 945
571 712
707 768
375 706
245 925
548 821
509 651
283 502
596 901
139 625
53 404
857 965
587 640
669 780
58 501
37 559
611 694
130 183
128 722
846 933
73 210
381 884
95 677
191 404
357 382
689 831
772 870
160 177
1 276
628 866
15 783
8 298
775 998
44 994
181 614
48 487
411 915
366 460
79 854
195 333
798 844
441 889
563 814
121 941
820 970
81 272
138 871
343 911
467 762
173 838
234 629
150 918
38 332
240 468
445 577
44 48
553 857
531 884
80 114
559 906
78 867
191 372
248 830
555 939
749 914
136 565
340 732
451 535
94 597
315 783
229 599
32 435
348 412
443 990
189 889
269 480
685 805
101 307
945 955
253 972
122 267
269 704
953 961
80 323
663 941
618 752
99 782
133 401
416 583
163 458
281 957
28 828
2 764
810 897
662 948
199 272
35 617
48 87
208 840
468 511
480 770
46 835
511 867
19 25
305 693
488 700
500 883
355 582
106 818
15 578
432 788
5 20
325 771
525 945
102 248
616 722
108 465
430 666
284 713
412 660
235 310
627 680
534 828
64 720
699 750
20 454
128 517
148 619
467 695
777 846
298 674
283 782
38 990
514 684
4 134
36 439
478 956
140 150
13 900
218 990
209 772
253 797
93 600
198 754
55 549
214 765
375 467
48 280
53 529
174 618
312 933
309 930
91 557
380 415
409 596
851 950
286 719
89 136
536 593
524 994
139 896
336 886
53 840
396 967
327 462
139 274
150 969
1 801
352 980
199 686
476 864
356 596
2 361
160 375
592 799
297 421
209 702
611 957
326 847
438 819
123 217
280 282
311 646
12 918
30 993
110 620
388 576
44 394
128 857
636 689
27 757
129 224
515 860
283 870
924 926
329 575
194 866
476 730
46 347
308 722
692 951
350 689
328 685
589 732
356 827
345 747
148 586
126 262
267 629
278 511
138 654
254 366
363 734
958 999
316 993
63 522
398 547
455 632
297 725
56 162
749 962
26 437
522 610
347 610
204 506
206 285
79 683
85 970
299 705
58 353
465 506
68 152
21 876
229 766
654 835
348 488
686 777
180 825
63 300
513 551
425 631
304 517
125 899
684 782
177 932
151 734
699 775
226 472
274 444
258 426
403 757
314 924
294 518
761 887
517 920
111 621
498 987
885 963
7 636
272 877
703 729
478 918
521 952
492 632
318 731
553 648
197 720
498 792
318 326
121 389
825 898
293 458
531 855
718 731
96 540
355 929
525 978
329 552
299 336
206 769
368 472
582 675
243 336
667 982
467 800
730 810
106 595
70 598
442 661
13 925
23 916
129 853
678 768
111 951
636 665
273 606
601 969
742 893
174 463
10 673
240 445
583 973
31 43
101 615
506 912
123 921
434 798
748 835
58 992
350 951
532 622
322 668
317 931
737 758
302 955
446 522
179 507
114 937
2 857
218 863
243 306
487 590
91 616
129 998
574 810
291 816
498 678
769 888
391 950
148 195
388 500
447 962
567 926
453 910
307 544
608 942
716 780
368 417
461 723
49 642
180 595
572 652
102 995
341 689
421 729
435 516
788 813
135 785
295 968
628 879
502 955
105 734
736 980
204 679
338 869
578 799
220 238
263 855
75 826
295 437
477 842
278 647
17 233
226 725
94 809
676 731
386 607
105 322
235 853
242 983
184 395
561 643
465 672
851 871
147 231
369 416
276 901
658 992
240 880
639 807
66 143
439 981
230 988
822 982
168 578
349 800
76 651
76 654
706 874
191 400
275 983
430 713
186 400
476 744
680 692
434 910
416 476
302 855
114 934
361 647
499 862
775 895
702 814
820 870
242 337
499 539
632 732
293 888
600 733
400 450
239 354
309 546
12 874
483 550
110 446
529 706
464 996
230 623
425 764
80 245
437 815
378 430
161 220
624 672
311 399
170 401
644 809
186 558
650 665
35 900
745 839
458 575
67 975
180 815
471 623
5 558
216 585
67 293
286 578
106 629
153 833
135 994
422 737
43 936
145 765
173 461
341 982
762 822
824 903
264 740
289 460
245 490
629 862
97 943
138 913
1 630
88 774
337 568
335 723
639 829
2 911
243 334
532 954
881 951
23 494
25 369
360 761
462 968
118 640
101 480
752 898
189 391
508 759
405 880
141 669
180 877
545 737
265 689
343 793
535 793
170 734
407 721
54 202
250 821
464 672
367 914
3 131
166 914
573 734
786 985
395 971
119 395
702 951
155 490
580 858
434 982
744 974
319 753
74 302
39 823
543 859
269 343
100 745
894 913
522 859
83 672
268 587
763 987
398 625
37 517
251 507
573 843
200 248
41 779
307 756
55 228
746 998
101 595
208 759
45 288
182 331
245 527
530 547
590 993
687 749
127 614
6 162
111 654
502 535
321 443
124 390
83 460
152 652
34 748
234 862
347 601
21 472
353 937
638 932
181 936
570 841
318 748
804 899
6 682
116 131
210 789
15 203
130 139
93 572
506 842
389 440
445 554
371 852
537 851
468 715
302 859
434 567
382 444
316 491
630 802
397 737
652 707
461 761
855 931
211 929
487 854
417 546
165 517
175 771
532 833
490 704
456 536
58 390
621 747
603 660
187 326
132 724
530 594
333 531
169 528
609 835
281 428
217 855
114 485
53 816
769 854
468 586
3 568
288 979
529 640
358 579
236 500
774 867
133 823
258 360
187 353
65 472
475 688
39 71
256 953
476 707
165 777
120 254
154 640
398 506
284 724
456 849
136 564
300 953
521 765
12 851
242 923
164 282
241 601
198 526
383 767
239 442
617 633
91 383
960 997
722 978
195 600
301 316
91 434
557 783
689 690
480 678
397 718
166 521
170 374
47 704
26 783
229 245
495 496
532 972
305 401
867 926
44 202
100 558
79 274
243 456
232 457
67 112
528 684
28 189
241 782
615 708
298 688
237 825
107 469
199 739
256 399
737 960
85 213
349 956
13 37
54 994
530 954
691 887
430 873
682 959
369 415
361 834
396 725
54 330
110 597
320 589
614 766
79 552
215 403
750 872
208 666
551 614
349 503
208 963
171 599
381 867
427 620
395 863
424 535
96 598
5 592
97 489
103 819
869 974
383 451
1 644
127 477
41 395
469 663
492 663
236 880
100 563
176 346
56 647
261 606
608 612
167 614
91 964
118 467
137 193
884 895
237 484
462 930
512 931
20 980
588 908
273 612
729 781
297 717
189 697
77 936
85 813
637 899
380 656
901 943
573 805
406 536
522 756
190 397
306 946
805 955
875 898
49 932
344 670
126 379
345 852
172 781
493 805
36 781
79 489
352 1000
197 842
195 871
354 922
6 654
643 649
344 346
253 816
10 675
86 372
522 552
52 972
329 974
178 954
158 293
113 441
2 298
143 390
209 323
739 791
402 741
153 649
335 941
207 443
280 991
222 643
174 370
134 735
306 839
186 535
406 613
262 842
530 604
699 817
405 966
711 923
70 155
319 496
94 180
402 483
635 834
451 798
261 487
266 924
160 859
295 521
226 299
27 846
50 927
100 300
144 527
224 913
311 879
304 480
482 816
22 999
773 911
170 712
52 719
651 662
424 969
171 736
362 817
369 499
642 937
695 903
219 658
410 646
562 569
432 960
218 804
33 629
216 771
67 774
87 351
288 347
259 513
581 619
134 759
523 639
191 957
466 609
815 865
628 833
748 894
627 993
122 367
648 886
416 973
424 441
258 660
595 990
81 486
136 287
863 985
609 737
458 824
327 496
157 583
930 940
274 606
321 733
158 470
75 800
84 128
437 545
436 624
374 841
527 665
535 966
346 991
262 526
10 73
144 333
717 904
740 775
315 388
582 882
496 805
764 978
207 358
149 175
8 896
269 773
120 571
284 486
257 444
31 58
291 499
537 948
391 890
742 869
108 842
438 442
844 937
296 479
289 365
657 923
146 793
476 650
86 268
82 465
510 908
203 606
612 725
427 441
108 548
29 52
638 939
789 969
449 904
427 758
834 856
258 571
171 306
134 424
23 963
37 837
757 833
131 956
24 105
694 938
217 878
614 687
13 364
252 517
183 432
116 621
340 607
165 303
585 636
251 790
147 636
259 575
801 835
56 646
112 894
201 781
297 422
490 908
439 859
664 833
6 40
442 638
128 261
322 447
554 938
84 891
282 765
238 880
96 437
351 920
324 325
212 415
738 824
102 353
241 662
77 922
363 378
27 369
167 247
390 521
181 522
31 944
224 946
595 955
717 940
302 840
155 809
283 963
560 647
443 666
186 245
489 981
300 627
752 800
101 567
573 619
97 595
365 760
165 259
69 907
561 793
326 451
110 691
130 483
167 631
510 910
260 715
221 357
190 556
267 877
129 264
448 517
949 982
47 623
316 484
830 868
725 847
279 501
293 441
604 683
133 454
242 482
16 586
483 917
10 402
110 646
262 395
381 984
364 708
174 958
55 800
411 625
170 669
769 805
15 556
468 550
75 314
303 407
441 573
620 973
371 419
42 901
204 744
166 459
179 656
409 950
204 648
131 882
760 762
219 389
102 873
41 866
352 606
156 207
578 753
184 835
966 988
188 474
659 720
664 917
320 673
360 839
80 835
215 445
532 873
249 665
148 855
701 840
34 97
593 944
724 880
298 850
161 208
123 670
407 912
317 843
422 525
837 947
125 945
23 770
294 767
31 643
484 605
22 586
65 687
388 633
278 780
463 730
626 660
390 602
25 409
345 644
441 923
57 288
610 957
341 751
857 866
197 974
214 696
693 826
71 284
504 691
691 793
37 890
363 633
78 512
770 884
76 911
446 623
450 620
788 974
417 680
539 759
138 818
126 148
757 921
304 742
81 538
229 603
137 610
91 837
154 457
374 721
590 829
691 975
561 955
590 722
679 831
491 785
95 469
464 735
115 428
658 715
465 841
19 393
26 407
501 623
451 877
129 237
16 318
26 244
253 635
158 316
171 324
186 538
148 470
2 709
357 446
140 590
360 650
373 709
465 800
198 860
810 914
28 133
16 145
576 726
43 446
309 670
28 998
237 583
5 132
246 656
554 615
81 282
382 722
740 795
154 560
237 474
205 924
234 693
84 336
631 704
42 813
11 614
145 550
525 855
167 505
463 588
13 108
463 886
653 862
397 779
528 677
427 717
600 999
222 802
189 274
43 372
291 833
501 607
140 660
402 820
353 488
274 965
14 610
606 858
111 490
682 916
327 569
523 562
16 609
78 602
69 763
68 176
755 764
680 884
204 729
320 894
568 856
708 873
185 946
967 984
365 781
64 707
49 462
229 879
241 282
595 806
120 899
497 529
76 639
338 883
215 299
109 637
552 633
49 660
62 227
47 53
576 591
184 784
307 992
767 783
414 427
175 230
456 530
672 784
298 766
271 476
329 433
607 608
958 980
88 346
516 721
72 788
190 633
675 826
69 727
658 944
402 520
399 907
277 750
53 588
109 347
123 137
439 447
465 529
347 505
80 772
509 751
258 775
677 752
172 366
555 624
323 753
385 722
824 918
142 461
344 514
227 946
388 837
99 357
162 481
247 832
751 993
627 745
105 218
4 299
43 758
117 409
846 930
345 959
11 743
592 819
793 912
63 982
348 835
141 259
119 746
195 351
125 527
283 818
476 569
276 887
204 280
388 974
732 802
593 911
431 482
72 206
346 990
401 892
160 858
51 513
84 272
736 802
554 789
390 511
28 995
674 967
225 304
120 319
361 761
159 758
174 556
370 864
250 566
162 774
482 544
460 593
528 903
57 313
528 538
433 572
339 623
519 783
303 907
27 224
587 710
417 914
383 813
187 586
122 319
420 565
875 992
649 730
131 320
735 797
188 346
29 645
341 971
342 380
692 935
274 477
250 816
68 818
565 736
401 841
153 492
153 591
314 916
37 882
75 914
147 230
295 812
694 840
69 913
359 604
482 494
489 498
96 347
627 737
240 631
128 136
75 347
646 843
39 758
483 818
45 767
47 947
116 186
595 702
569 783
92 534
621 741
453 660
62 673
609 675
150 869
294 393
467 539
89 537
785 897
412 889
34 93
71 220
235 315
520 615
213 650
318 449
259 873
136 478
393 612
11 424
3 325
660 971
386 631
591 790
162 620
104 210
67 266
332 548
186 861
228 497
529 738
355 558
437 824
728 773
873 924
140 298
833 993
287 824
506 923
459 956
426 731
10 262
542 609
195 784
379 875
373 671
275 467
617 784
191 749
667 859
750 960
638 887
171 654
859 959
271 923
819 955
592 879
454 932
334 803
714 986
157 938
155 923
589 612
171 687
287 290
56 742
382 384
365 927
886 941
322 810
456 841
12 299
516 815
21 940
341 996
814 904
835 934
593 767
11 142
108 967
581 829
275 635
516 860
312 368
62 218
57 850
175 335
39 997
291 859
278 750
225 674
729 816
347 847
48 238
53 310
176 900
83 712
23 81
113 375
492 669
83 132
123 643
103 615
854 927
423 581
675 814
311 963
