8905 9002
5461 5695
7489 7502
6418 6816
46 2223
6176 8118
920 8292
4582 4915
951 3299
2033 7458
5418 8250
4864 8100
4529 5055
2780 5329
5404 8231
561 6767
2887 5314
1359 5529
2907 6104
4350 4611
1899 2948
4989 5881
2421 3152
2721 4902
2461 2937
5052 6751
808 5514
2263 7849
800 7038
1756 2395
6430 8113
5508 8177
4772 7043
2096 7022
4287 4441
633 6839
1699 7166
2219 4454
358 3371
1208 3214
141 5803
5850 8104
900 8180
3151 5331
1968 8221
2452 7061
2007 8612
669 1223
5950 7593
2477 2986
2502 6005
2083 2464
7472 7874
5299 5430
2101 5461
3199 6825
2663 6050
369 5006
2242 5398
3162 6652
4344 8075
5757 8378
3580 6388
6826 8714
3684 8598
2345 3351
3727 8821
587 8571
1800 3330
2138 6154
5203 8472
3569 7211
883 7384
1474 6589
6937 7237
2302 5795
3272 8830
2482 8017
3210 6188
3903 5905
3588 6795
5081 5544
4954 6785
4637 7757
1655 5325
357 7596
1012 4058
1671 2732
3485 5432
4635 6628
3300 8198
5413 5795
7392 7428
3966 8446
2880 4827
5715 7990
7386 7424
7390 8581
4260 7965
970 1497
27 4855
2960 4692
3084 8770
6317 7357
4440 7693
3901 7631
4443 4911
3616 4214
3253 5787
179 8701
4580 8855
5310 7190
1327 2082
2188 6520
895 5719
4265 7086
1736 6504
3171 3219
6777 8478
924 7906
209 501
2944 3812
5860 7739
523 3985
4903 7183
2213 8455
5971 8100
2616 5273
3389 4995
51 4746
917 4072
5776 6700
1819 2759
5179 5407
1288 6171
3193 6949
7847 8477
6192 7929
1728 5372
2827 5886
5532 7753
213 5547
6128 8296
1764 2275
1021 6423
3920 4874
1426 7942
3936 4627
4223 7187
7137 7668
7443 7598
1558 4754
1558 2070
2788 4824
173 3577
192 999
2446 5992
6017 8030
1584 2030
1409 4880
1093 7767
7087 7850
2058 8108
3485 4808
3822 8886
5249 5410
5904 6770
967 7663
2849 4618
7804 8214
5029 6677
882 8528
331 8402
4975 5919
3073 8667
1064 8394
1060 3986
1134 1643
7455 7883
114 5286
429 5148
3662 3779
3442 3478
7022 7766
652 8772
305 5557
3368 4937
4234 4604
3304 7062
852 1920
5875 8224
6446 7757
518 1674
6166 6474
3843 6360
5953 7757
4768 5018
5915 8623
4590 8607
5916 8905
1145 2879
4909 5127
435 3349
1133 5816
123 3098
2301 7843
7068 8011
183 5647
1691 2406
5061 8285
1160 8860
3526 6350
1431 5431
5298 5594
3701 6664
311 7524
740 2564
4896 5508
3892 8159
4155 5261
4510 8250
540 8007
1056 3458
899 7523
4269 6653
1516 4152
3405 5676
3600 8265
5986 6242
7 3063
2172 8692
4525 6479
4059 6117
5308 5959
2172 5853
2619 6729
3071 8588
5733 6462
66 7057
276 5799
5458 8536
1732 1904
2586 8487
3734 8161
4031 5580
4562 5950
3631 7557
6531 7841
2402 8674
4244 6026
5152 7250
3670 6919
6668 8389
5053 6887
7419 8606
5968 8474
1246 8420
5849 7067
2607 7613
4147 8245
840 2133
4491 5376
1243 8512
1653 2842
170 1287
2324 8028
2004 2310
1804 8011
1617 6265
4456 5901
2225 8069
3421 3906
7818 8852
6994 7761
4945 5030
5833 6928
4375 4535
560 674
1838 4437
5972 6255
5146 6439
1893 3645
2115 4025
644 2639
1268 8413
3971 7178
8183 8367
7643 8783
4096 5655
3929 6423
4313 5537
3592 7415
362 3088
528 6883
409 8640
2950 7931
2791 7641
2241 5407
1192 5569
3218 7861
6668 7122
878 2487
452 4541
488 3959
2544 4103
347 7554
94 4645
1110 3569
1550 8628
1432 8469
789 795
236 6027
969 6213
790 3855
2716 8003
3245 3493
657 5971
927 5999
2703 4702
12 2105
385 3660
3901 6693
67 922
2673 8756
2686 5010
4309 6759
1631 3156
130 4840
2933 6823
5432 6413
694 5534
7496 7607
1725 8764
930 2480
6818 7897
4885 4907
1945 6960
894 2376
148 8760
2805 6151
4083 5454
1216 2205
8302 8816
4 4829
2777 5207
2649 8010
622 6048
7545 8259
7115 7219
2292 7080
6298 8597
585 4323
4854 5238
5407 7658
1412 3742
2285 4863
1858 2545
2487 3644
3371 6104
5828 8807
95 5277
6070 7098
4954 6763
3885 7563
911 4832
4429 6627
6058 6484
3395 5874
2325 7332
1381 6499
4272 7702
121 396
1973 3645
6240 6595
2170 6339
7070 7266
445 3039
638 1203
5477 8495
1631 4764
4669 6900
1357 1758
969 3565
156 4763
976 6329
401 3292
5926 8259
3195 6775
5045 8259
3949 4194
2537 4745
5493 8343
5783 6892
6489 6607
1176 8884
1785 2829
1266 8892
434 7275
5246 5845
1542 3501
3661 8020
7146 7670
1356 8668
499 3027
5375 5644
4258 4802
644 1807
2846 7312
8809 8813
4885 7117
3265 6661
376 8752
5805 8275
4062 8432
2580 7162
2479 8803
6142 7665
5285 7755
1282 2401
4015 5100
826 6404
2712 8713
2663 8237
1327 3094
2442 8786
360 6165
4714 6803
3329 5682
844 3954
2406 6854
585 3301
835 5628
4087 4204
8506 8654
2268 4172
1473 4128
4855 8801
5718 7409
7898 7972
4935 5522
64 8004
6152 7478
3818 8082
24 2299
1696 7193
432 7214
499 3812
4690 5123
1115 4227
7559 7960
111 4340
483 4810
2344 2769
3667 7634
423 4699
3052 3385
6246 8038
1478 2146
6521 8359
1874 8716
4346 8774
3799 8654
414 692
1509 8331
4102 6300
5439 5574
6517 8440
3816 4625
3204 8172
519 3877
3316 4613
2516 3905
7181 7737
4507 6021
1746 6008
3089 7764
1177 8364
4073 7047
4342 7270
1317 3628
8468 8529
714 7800
6980 7575
2928 3326
2484 6531
4796 6745
6440 8564
4994 6961
446 8225
500 3611
3540 4309
1827 3343
3337 7223
577 1409
509 7816
531 5516
7749 8659
2694 6432
4304 5947
6262 8876
7499 7830
2190 7108
1607 7130
1571 6864
674 4314
2414 4570
3080 5568
3769 4847
6906 7923
3600 6323
4452 5617
3392 3651
3332 5146
4248 6333
59 518
5742 6244
592 6444
4347 5000
1272 7669
2847 4660
840 7675
3228 6436
43 300
172 2201
665 8192
31 7323
631 8477
1523 6415
1663 4868
6668 7419
3182 5627
5296 8820
135 617
1042 7618
779 2163
4251 8763
4522 7876
569 637
2108 5960
4820 5514
1853 5238
1632 7376
453 6530
580 6439
5623 7881
1632 4586
3299 4096
7159 7278
2076 5934
527 5973
2349 5029
4439 7358
472 6394
357 411
6188 8465
1627 5569
3456 6835
1661 3080
5231 6814
5256 7238
4566 5251
477 2411
3719 4068
2828 8298
889 4959
4009 4454
4582 7082
8048 8223
6660 8531
2074 4522
1069 4763
216 3468
3312 6959
3264 7054
206 6811
3920 6375
6247 8178
6546 8120
1686 8070
3502 8359
3205 8285
1234 8624
1364 1497
3531 7944
3409 6710
6118 8571
3025 3930
4507 7546
2464 2983
4322 6258
7845 8344
2705 6278
2378 5430
1824 8042
7622 7672
6257 7645
561 6012
1059 8053
979 2991
2752 4698
4185 8722
2579 4314
1343 1856
212 3309
4947 7193
2835 5640
8521 8875
3396 4717
4917 7635
422 4955
5521 7152
3441 8677
6214 6642
2368 5347
3265 8819
998 5258
7659 7750
191 8614
175 3212
3204 7920
7183 7470
3748 4313
6041 6590
1893 3925
3320 4034
1931 3375
2672 3159
2909 7494
5782 6272
2360 7634
4969 8440
328 7960
5182 7181
4167 6836
5134 5926
661 8511
3471 5705
6433 8597
1322 7230
2439 7194
7455 8103
4065 6509
1946 8315
2647 4405
2917 6447
4231 4863
1620 5465
2437 6250
5011 8012
3272 4924
6563 6833
3765 5434
7405 7918
4458 5754
2161 8703
1839 3562
707 6998
1918 5302
3768 4503
3584 7906
5213 8302
6569 7123
1978 2860
1055 5038
7043 7678
7342 7675
5791 8270
3939 4864
3476 4358
5184 6038
3706 5568
3459 5829
7130 7577
3322 3378
6191 8316
1780 3285
5169 8612
1747 4353
5940 6115
4368 4458
2851 6057
1395 5437
1563 7955
2135 4695
6165 7846
1693 3624
688 5425
5260 5437
1177 8575
1639 6069
6864 6987
283 8125
545 7367
5990 7037
2027 5616
3110 5371
176 1264
4422 5306
1018 4198
1065 5281
1936 3291
852 7662
5904 7313
312 1806
3631 7891
3998 4506
596 5705
1335 2309
5802 7797
8635 8781
866 5728
2447 6756
4746 8247
7328 7956
5937 6413
3468 7349
4003 5201
82 568
1720 6277
1161 8006
2228 4595
1798 3106
3316 5465
2277 4831
260 2237
2225 4209
7006 8356
370 3193
1670 7718
1800 7979
709 8805
1215 8258
6634 8187
2372 6960
32 8849
4715 5969
2633 3764
354 6770
4925 6811
2130 7519
3055 7832
2457 7535
1991 8881
5312 8890
6197 7115
4273 7563
4374 6481
329 1300
4217 4779
6197 7119
2862 3179
507 2421
4176 7475
3336 7694
2253 6764
3656 6959
5543 7761
1818 2209
2157 5215
4095 8850
2086 3137
4527 5494
3837 4407
1608 3515
1968 2563
1978 7992
6204 8263
123 6362
7816 8662
8402 8831
814 7586
2930 4743
433 6564
7950 8233
66 4354
3794 7982
4248 7291
2528 2692
3042 8402
5373 7597
1913 8707
1404 1578
1331 4110
5854 8731
108 5875
6739 8517
37 8569
2295 5601
7710 8811
1021 8066
4027 4602
3833 4214
889 8361
5954 6083
2109 6041
5167 8162
751 4939
1193 3957
908 2585
5457 7769
753 1744
1773 7161
2808 7065
5060 7002
3791 7343
3142 5154
1153 5779
7864 8857
1569 3812
7025 8424
1530 1834
3162 6265
455 604
441 4627
3945 3968
1339 7693
4101 8282
3071 4366
328 1316
20 3705
3437 3935
1028 5485
640 8311
2282 3855
3838 7179
4140 6797
2315 7252
157 2503
1143 1550
2326 3197
1619 5916
5434 8685
505 7237
199 3778
458 3648
1992 2729
1247 4317
5146 7091
3411 6681
1181 4124
8115 8785
6453 7232
1260 6291
3834 6182
5487 7685
6031 6044
5065 6972
166 2600
5426 6632
964 1135
736 2935
14 707
4150 6892
2531 8355
107 298
585 3436
2806 8657
433 8116
730 5254
3777 5395
7536 8882
343 4010
521 1566
1505 5626
2059 3030
435 2936
1420 8004
1474 7913
341 6947
3004 7911
4446 5964
3489 8358
1874 5612
1342 8330
3775 7552
810 5310
2213 6755
3767 8059
3294 7987
2302 3568
2636 4729
154 5847
5160 7364
2601 5619
559 8802
3969 8459
913 8378
321 7886
2614 3722
952 1682
520 3427
1996 5546
5869 6450
929 1077
334 4466
590 1788
2199 5382
2762 5219
3116 4042
5604 5954
533 992
401 1105
1671 5387
3544 7760
715 4629
4150 5210
1773 6028
7252 7620
855 3091
573 5284
3682 6741
590 2227
570 6601
5068 6902
1459 7278
5167 8745
3883 5223
2158 7740
1561 1977
3852 7404
4160 6062
2974 5683
79 8384
634 5091
1764 4250
4544 7915
1237 7857
380 958
4255 5946
6597 8086
2206 6629
3176 4609
6206 6357
6145 7244
7511 8132
2222 8683
296 2133
2169 4288
6531 8023
3577 4405
2850 7984
7502 8736
822 8822
803 5752
3199 8422
1177 1864
5669 8247
1273 2530
4313 8595
3459 4384
6803 7975
5929 8086
7586 8585
5251 6442
3131 3978
1156 4799
5887 6433
4289 6840
2384 5193
5576 5936
8451 8709
2632 5592
5416 5876
321 8784
1644 4736
3970 4934
1155 1281
3950 6464
4659 7059
2303 4149
1673 3808
3354 7342
2978 7536
7178 7272
2699 4849
2705 3059
7007 7437
2038 3266
740 8467
819 5192
6834 8328
844 1387
4141 5323
2287 5053
5866 5916
2785 3845
1178 1700
2831 7706
424 5033
2478 2545
1858 6648
814 1919
6262 8495
1488 4861
1150 2895
1082 3224
3202 7639
840 2915
2388 6432
3380 8481
494 4886
3100 4737
1665 7032
2637 7506
3323 7897
606 8683
778 3577
1202 4698
3290 3479
57 7946
5699 5926
2318 3147
1683 6017
3660 4214
498 4421
5533 6941
4774 8697
1086 3931
2633 8712
4865 6094
555 5323
287 7304
2815 8295
1755 4540
3128 7800
2551 4156
797 6253
3183 5390
936 3843
7779 8735
985 7270
2906 5141
1400 4590
5239 7849
3503 6682
1395 2902
4436 7962
2240 5763
2993 3083
2131 2528
7072 8817
1232 5211
879 8559
4731 4876
4104 4335
390 2181
1621 6541
1110 4189
8409 8614
3488 4098
1727 2956
3157 4544
5049 7580
5151 5910
1353 6032
1729 5324
2647 8126
3737 7347
5121 5328
399 3473
6230 7104
2781 3393
8366 8621
334 1353
3252 8435
1344 6729
1083 7844
1999 5433
371 3228
835 8595
1236 6732
438 8453
3669 7330
2792 7889
539 1376
2930 5310
2383 3880
3404 8006
7065 8113
135 6903
4911 8205
2639 3808
1302 5771
719 8821
580 8858
235 3242
3489 5046
1181 3797
3427 8867
1944 2641
4543 6116
2765 8727
2563 6528
45 8627
2131 8060
5164 7543
1167 6591
7212 8600
6101 8502
6606 7391
3414 5950
4060 4933
7770 8439
22 3032
3200 8471
1250 7294
122 1265
1066 2882
900 4571
1314 8453
3767 4203
5639 8242
133 8436
1521 6449
404 8149
1868 4862
3081 6679
1969 6143
4547 5561
4438 5187
638 3251
6850 8492
4034 6802
8372 8527
1007 5280
5139 7050
1781 8697
923 1180
1859 3636
3915 5935
5641 7345
3745 8091
929 1560
1678 4126
4120 7925
3214 4056
5588 7766
337 7428
127 3828
804 5596
4369 8151
491 4066
3046 3291
1063 2139
368 5773
97 4906
2567 4849
5416 8882
6516 8371
4698 4931
360 5374
3331 5353
376 5224
4986 7209
5674 6447
2813 7863
2973 5950
4381 7518
2021 2250
5376 6308
7093 7878
2751 5755
5048 6049
2713 5383
3829 7573
492 4897
124 5624
3788 7056
2743 7945
4700 8740
733 6266
7592 7810
8219 8533
4477 7895
296 6671
2996 7491
4427 7436
5718 7822
3189 7529
2237 7196
2424 2599
6198 7432
4244 4385
4867 8265
271 1518
111 2619
6442 8726
740 2733
2620 3148
829 5433
3507 4320
6338 7506
600 3909
1783 2256
5317 7084
849 8553
2579 3154
5041 7208
4976 7513
1021 6710
126 2105
1996 4795
1254 8303
5566 8772
2497 7821
4047 5509
4372 4578
5897 8359
1917 5923
5860 8701
4495 7021
591 8606
520 4289
2913 6892
2582 2924
5721 7188
4032 5809
1729 8693
4862 6986
3025 6760
2159 4342
1754 6050
5815 7942
8550 8595
1781 1986
2883 3760
517 8517
23 75
17 8212
868 2875
2505 3125
261 8703
762 2442
323 3993
1155 4115
4097 5304
1671 8831
1953 3674
415 2236
5153 5795
930 8894
712 6245
5312 6493
1710 3564
3329 4886
3302 4879
4943 6825
2953 3088
3849 5927
79 7159
364 6118
3854 6872
1605 6535
139 1779
3778 8674
5849 6486
3503 6753
2333 6073
5093 5253
7235 8378
5486 8695
857 2592
367 6517
6616 8169
4392 4410
4019 8866
1366 4921
4190 4299
123 2035
3485 6088
3956 6921
4864 8465
844 1817
3305 4635
3176 6271
5695 7456
7096 7299
5007 8888
1824 3955
2566 7703
5422 8342
5972 6262
253 5068
1697 7058
1440 8195
325 7477
1980 5322
6863 7999
2512 7477
1781 5406
289 1271
4168 5568
4373 5229
5372 7568
2400 8783
7174 8673
1005 7591
2382 3162
2911 8422
8147 8760
200 8484
2914 6013
3887 8093
7832 8405
3040 6443
740 7465
354 2562
7026 7952
4225 4823
1670 3899
1229 2354
3012 5321
332 5710
738 8897
4524 5666
351 3612
7325 8755
3676 8022
6158 7105
3235 8623
3762 4842
5690 8891
5857 5877
2437 3088
6344 6677
4942 8505
1575 3588
2665 5349
3951 7463
1566 3127
5895 7959
5036 5958
1866 5098
5083 5232
773 2882
1106 8775
1832 8425
4086 7340
2017 8632
3773 5267
1652 8200
1418 2458
7147 7886
3064 7539
4177 5437
4986 8317
4400 4671
1006 1449
838 1272
5641 8417
4198 5204
2450 3316
4977 7922
2986 6054
3769 7688
6541 7880
3458 8243
1936 6381
3106 5431
3595 4691
3030 7886
2696 4285
3411 5912
768 848
3296 3353
618 8150
3500 8352
3016 7543
2084 6261
2917 4365
3720 5432
3246 6469
3146 7560
3513 5895
3044 7039
2629 4405
3296 4061
1898 6080
2803 8020
592 2797
372 1395
2505 6605
5571 6900
5307 8691
2237 4218
5012 8388
7715 7960
2597 3566
491 4087
4837 8548
5911 6064
3112 6718
1433 6141
4323 5334
3207 6946
2845 8634
547 8267
5292 5720
4451 6906
4937 6324
2296 8209
3891 7173
371 8594
4429 6716
5333 5916
1622 5459
2531 8484
4906 7251
957 4891
4060 8108
1832 7931
1913 6000
2093 6955
1622 6557
954 5378
388 7253
4620 6118
397 485
2084 3633
4247 4789
3873 4416
7 8167
1135 8636
4173 7150
2486 8547
1791 5297
4658 8475
259 905
1457 4761
3076 5180
1916 2032
1713 3038
2290 5450
804 2812
352 4920
3524 6751
7569 8268
5242 7386
1763 7115
2969 7749
3373 6335
2709 3535
3859 7364
469 7201
4226 4281
6150 8602
4773 5006
5062 6551
871 5472
5662 7094
829 4712
3928 4871
4859 6783
3191 6787
3591 5768
1214 4301
5293 6796
1904 4669
7028 7317
3324 8305
702 8329
3136 5505
1314 3632
2758 8226
5589 6311
779 8330
559 7743
2177 5382
1790 3763
6032 8352
3685 4158
6284 8595
6557 6767
5660 6527
3872 7295
1715 6348
7590 7810
4199 5932
4289 7417
2040 6995
1144 4299
382 4746
4049 6946
172 902
7676 8310
1032 8826
1719 5173
1092 6993
3602 7611
2754 3828
87 8080
680 1491
2028 8767
2416 5142
1837 2405
1328 6412
1539 4020
5116 7041
1501 4536
3183 4268
2579 7419
1137 6447
1067 8572
1707 2820
5754 8380
1598 6372
292 7378
1567 7117
1981 6207
63 7898
2603 6299
5981 6101
925 5388
3482 8803
3601 4926
7478 8866
433 8297
1626 6056
6329 8454
506 5976
490 1531
3414 7936
2969 3488
5150 8577
2934 4428
875 7828
2200 7219
62 3026
7943 8735
1714 8792
2672 8286
2767 6373
510 5437
6076 6493
4036 5168
812 6442
4975 6911
6040 8828
6687 8163
1587 3287
8392 8836
2414 4972
1907 4276
1383 2909
6831 8831
1512 7005
4568 4585
1887 8204
4697 5050
5626 5743
1305 2971
5908 6117
3499 5668
5864 6564
1186 1390
1037 5885
1809 2769
4264 6387
7654 8730
5191 7447
908 3425
1555 6443
4028 5776
2797 8701
3807 7854
1723 2565
2853 7677
2064 6503
4872 6979
1746 6401
2014 3248
1932 3666
6465 8685
7428 7503
2307 3405
2567 6717
448 7642
1950 5247
3168 6110
643 7983
860 8360
1760 5326
8114 8873
3236 3311
975 8017
1701 5244
4619 4830
3184 7828
2310 4962
3741 6532
4848 8765
4588 7207
2340 3057
2500 7235
4400 6864
688 5598
236 8413
2829 3819
4443 8838
296 2948
4283 5631
5095 6749
5504 7364
1354 6660
3261 6845
954 3897
16 7193
1971 4632
1823 7985
1212 2320
722 6395
6588 7632
1475 3411
5222 7495
5274 7534
1641 7234
1774 7027
3675 7789
2357 3516
441 6204
2881 7675
1600 2387
2379 4746
5148 7768
1365 7966
2631 4250
1389 4116
2041 4240
5525 7286
298 4794
1315 5109
7529 7824
7473 8681
2994 3463
3174 4130
1245 6038
1316 5293
1974 4405
4702 5212
3066 3477
6435 6624
3836 6918
1362 2352
4870 6686
3782 7978
3177 5121
2575 8739
1179 2406
5572 6004
2470 7591
735 4148
651 5910
2221 5972
3894 5065
4524 4959
2377 3678
4469 5547
2266 7015
1974 8599
6373 7847
1747 8668
3917 6010
3713 8483
1609 2750
2593 5563
1486 4792
460 4179
2078 6724
5684 6312
3817 6820
2499 6049
4168 4505
5330 8520
212 7971
332 5676
5097 8775
835 3088
2961 6896
6001 7736
7200 7206
964 8619
2068 6825
1944 7885
3083 7202
2094 8871
6811 8631
2308 4092
1152 3711
3183 3277
661 2348
381 5707
1300 4617
1891 5406
3284 5531
5734 6309
3721 6657
942 8734
1121 2681
5753 5757
2213 5930
2139 4894
5335 5968
2304 6452
2367 8561
2435 8030
203 2109
1825 5381
7400 7471
537 5487
5684 8773
5137 5878
6603 7228
269 4952
1156 2727
6492 7598
4479 7419
133 8010
3896 4312
565 1770
118 5305
235 4978
2871 7031
725 6548
2297 3485
1454 3511
3490 4244
1888 6400
3671 7487
3423 3498
2287 3831
4161 4461
3944 6858
1692 5913
5778 8367
7201 8039
183 8004
4139 4913
4247 4408
2879 6565
3938 6434
3175 5325
376 5951
2512 8544
783 3583
4659 5449
4338 5029
3417 3994
2130 6612
7248 7666
1932 7251
4495 8302
1499 6803
3563 7788
8206 8209
12 5031
1859 7752
5317 6432
85 8404
557 8399
3224 6137
943 2397
1318 1632
1095 4640
1038 5545
1598 5271
3829 6125
6179 7516
1181 2509
7096 8582
5468 7467
1828 2204
818 2473
3380 3964
1639 2358
1402 5743
304 2587
1501 4231
1083 2260
5639 6538
6118 6352
7141 8449
1107 4184
1145 1175
938 1694
1443 5791
622 4996
77 8672
3059 3255
3207 4507
3942 7009
6970 7510
2024 7514
3168 6536
4155 8506
5311 7535
129 8277
1001 6778
4749 6646
2004 8422
6046 8823
7397 8276
883 4734
702 6369
4733 4863
4036 5426
4726 5134
4463 4526
2200 7789
428 2064
2772 6257
1203 6922
23 401
2505 8889
795 6721
563 1063
803 8797
1333 7925
577 7632
361 8175
723 2112
3162 3355
864 7453
2753 8191
582 3803
4171 6227
2750 7068
543 7668
2655 4430
913 5425
6553 8694
7661 8092
8313 8675
2725 7442
2524 8821
886 1791
7596 8509
2119 6281
5360 6093
738 4140
1612 2569
7216 8378
2603 7454
1936 4668
4449 8506
1487 1983
4941 6161
4190 7517
10 5170
1613 3161
1859 2262
2571 5865
4241 7482
3785 8831
3796 7172
4602 6826
3926 5161
7298 8415
2258 5953
1747 4045
6121 8207
4888 7478
5851 8892
730 5573
1897 2560
1284 6058
4942 7214
6383 7033
6563 8495
1388 5344
44 4153
419 6744
6277 6462
1980 5889
4233 7460
1699 6081
694 3257
7620 8371
426 5929
3068 5145
4596 8836
255 1527
3967 6464
2615 3060
397 4836
1245 4064
4170 5791
2212 5090
1189 7044
2697 3733
4711 6742
1763 8698
256 8015
8268 8457
1731 7545
850 5996
6256 7238
352 6703
7548 8795
585 8860
5748 6327
123 5325
1245 8442
6330 6537
1462 4125
1812 6503
3280 8649
3875 8479
4313 7504
1195 6124
889 4414
7516 8674
3781 8240
2627 4572
1792 6441
1554 6646
2658 7720
5920 6471
1900 4117
91 4947
1694 3404
1254 4464
4305 5067
1517 7117
3172 7479
296 4169
1577 3761
4744 6581
5146 8764
5057 6396
380 5795
7070 8012
494 5574
5095 5221
988 4767
2582 8444
2603 6864
5191 7747
1930 2557
2862 4043
4690 8798
25 6653
2801 7657
2479 5015
8421 8740
717 1762
6285 8659
476 6440
2385 5983
2753 7839
515 1108
114 1819
5148 8200
558 3283
1920 6099
3946 4413
3753 8862
468 6286
2725 5377
865 5935
777 1671
2763 4113
6514 7518
4210 8378
5385 7069
4852 4969
6520 6674
3828 4478
548 2418
2812 5134
3469 4267
5451 6361
480 3434
538 4507
1464 8495
128 7621
1896 2179
6592 7603
4615 7291
1054 6257
3243 4302
7759 8827
2068 3015
6431 7117
767 2768
931 1169
6495 7402
516 8205
5073 6195
1079 8161
3785 6561
3200 6007
1324 5089
2277 2398
6587 8338
3532 8017
2607 7507
6498 6767
5901 6676
501 3714
6557 6917
6207 7237
2461 7208
6469 7788
2803 6055
6014 6934
744 3299
5867 6810
5107 7751
353 4123
5670 8195
2676 6214
1608 1681
5010 8063
8051 8138
613 8170
2598 3476
5593 6857
2048 3272
2819 8705
3988 4677
2112 2466
2789 3205
2742 6915
2175 4446
3141 3766
4071 5994
1969 5875
495 4194
670 7640
3830 4167
2422 6364
5386 8713
498 5944
1922 4730
342 3143
3273 5059
2591 8734
2657 2675
1653 8158
4419 5499
5923 7849
7887 8361
949 2397
409 5646
675 3349
5425 7901
7616 8354
745 4544
4496 6337
4217 7240
3515 8130
6284 7460
2159 7094
1140 3923
2893 4486
2167 4304
4324 6686
6503 6928
1215 5698
3918 6322
4653 8453
1102 5478
524 1121
6160 7823
6052 8536
1419 8043
3514 6299
4716 7995
2581 2802
6343 7849
2395 5718
386 793
5659 7408
1011 2229
724 4504
2261 2647
5294 5790
239 4485
48 6728
6138 8354
3978 5067
840 6677
2329 2706
1391 7830
272 8305
478 4082
4101 7845
1046 7231
4361 5788
513 4276
1692 7598
3838 8904
4675 8090
3601 5907
2646 8326
1890 4282
7306 8831
4266 6767
4091 8081
2446 8137
2541 6891
699 6886
2854 6115
2127 6294
572 3453
2291 2872
509 3538
2663 3816
4884 6469
91 842
1937 8171
2207 6909
3356 5374
6240 8560
5133 6565
2965 6287
2525 7845
540 3294
3455 8779
1405 1742
1362 3121
6179 7634
5127 6371
2069 6049
4681 7946
6339 6540
5342 6514
1801 5180
4558 7799
791 1309
235 8799
4135 5766
7712 8576
3167 8049
349 1810
6363 8691
4711 8044
1187 8558
5477 7937
6400 8050
2323 3440
1384 6339
4543 7311
1995 5039
2063 3277
2250 4378
2098 2386
486 6266
4784 5063
2290 3190
136 3407
756 2629
2810 8866
6529 8701
991 6984
8573 8796
6419 7250
1374 7372
3541 7630
1991 7309
3717 7340
504 6434
2336 6310
3254 5747
6199 7288
5323 6877
6435 8100
4200 7418
3950 6847
2853 7171
1666 2322
2612 7586
4034 6216
7210 7929
227 7281
3177 7993
3438 4186
3375 4563
3144 8868
4752 5705
1063 2979
7495 7655
6361 8453
2821 5917
279 5320
3088 4269
4698 7958
2818 8355
3645 5307
1414 4214
7219 7629
4640 7941
1762 2368
177 5738
2833 3279
502 2289
2929 5748
881 4938
1483 5422
5827 8731
5255 7255
1285 4293
3306 5895
1875 8795
5052 6887
4960 8881
201 1460
2251 6222
1445 3864
5101 5271
287 5914
1992 7021
210 7173
6425 7152
1499 2816
1894 6821
2838 3140
852 6283
68 8435
1405 7702
6118 7764
3230 6572
7385 7868
3434 7028
4358 5046
916 3576
777 4895
6832 7426
1718 2678
1658 7131
6867 8112
3030 5437
432 2321
4739 6539
897 2240
2581 6024
1067 1545
652 969
4157 7989
700 8251
3122 4306
178 1925
2164 6326
757 2000
2213 7437
1631 3972
291 7219
2477 7599
1015 4904
2826 8005
3342 5918
2665 3716
166 3683
3842 4173
4787 6746
6491 6529
1417 6675
2490 6914
289 2766
4588 6841
2789 7237
3373 8854
3455 6369
564 2347
6863 8613
5626 5749
1055 7124
74 429
5103 7496
3612 7285
7301 7787
4382 8784
3916 5082
7258 8012
6270 8278
58 2513
1847 6983
2859 8627
3612 7818
5769 6179
226 7910
3751 5826
19 3444
1426 5095
2467 8729
4786 8162
3830 6390
5743 6382
6800 6994
4350 4740
3488 4310
155 695
567 3644
1021 6094
1672 3699
2447 3427
7976 7980
2929 5423
197 383
3229 7895
357 8106
2210 4433
1169 6079
271 6784
4640 8046
664 2389
3305 8583
2962 4048
6345 8373
4571 6603
1398 2986
2747 5297
2831 3412
6892 8881
1469 6372
4234 7320
1389 5525
427 994
6075 6785
2930 4492
2661 6174
2785 3283
1351 1977
7142 8504
3808 4777
6186 8551
2570 8808
231 8239
3324 4910
6205 7832
150 5460
6532 6598
4627 7083
1553 3640
6064 7809
935 4164
5840 7614
4680 5494
304 4636
3083 4354
6561 8902
4217 4747
3748 6217
1371 3900
158 1686
1645 3200
2638 3585
1040 1069
5830 7127
1939 6417
779 7696
6312 8242
3189 4893
661 3160
4923 8145
1672 4816
6776 7110
2390 3597
3542 8423
5483 7475
2798 6512
4375 7903
117 5238
784 7183
1817 3793
1069 1842
2353 7815
665 6720
2670 5248
7074 8413
277 6668
5990 8301
1814 1887
1599 2341
2679 4515
524 1826
5865 6752
20 6156
1188 5211
3918 7240
2651 2693
4713 6134
4919 6009
6149 7451
7143 8683
1240 7068
4048 8072
1090 1707
6629 8226
2732 8887
5412 8558
864 5538
8233 8580
1142 8155
4800 6295
941 6935
3724 7078
394 1376
3658 5416
2441 7703
2207 6314
3089 7841
1441 5212
1735 1761
7254 8071
2272 8392
1491 2039
3254 8485
6237 7976
1840 7423
7354 7508
132 5272
4544 8662
5713 5914
4101 7474
3404 5835
4592 6317
7186 8216
313 8112
22 1615
308 7850
4369 8327
378 2609
1528 1824
1018 8226
7361 8231
47 4168
1608 3828
997 3203
5064 7042
3943 6834
1402 6730
1126 2218
5661 6844
2436 2618
1133 5863
2167 2933
1213 5880
2001 2318
6988 7856
4165 8579
836 2839
1622 5745
1916 5622
1251 6304
2073 7806
152 5741
5026 8717
3834 4114
5582 6734
2634 3062
2543 4073
2504 5269
1055 8204
698 5813
4113 6123
2317 4214
4168 8056
4031 7135
4585 6459
1117 7932
2930 6522
3564 7006
4083 5709
5146 8422
1924 8862
758 4320
3643 5475
2305 5540
2015 5886
2100 3517
1833 2066
904 7729
330 4042
1783 2475
2673 6563
2432 6209
32 1808
3308 5354
2245 3074
6932 7571
1194 2557
1538 2436
3058 6975
1323 4251
3198 6568
2406 6832
8212 8464
4598 6705
3879 8425
3446 8435
3431 4012
3929 5837
3872 7235
7919 8509
2644 8567
4345 6020
2544 4368
1372 4411
5176 7441
8291 8659
5653 6123
288 1093
6781 8006
1653 3434
3256 5723
5439 6861
2448 6671
1940 3332
8359 8452
7128 7459
808 7062
1032 7477
1205 2987
7673 8834
2753 4361
1077 2180
2887 5974
5572 8308
2108 7044
2420 4782
396 602
1736 6406
1514 8881
7221 8420
1934 7186
1005 5461
6869 7711
6561 7170
598 7623
990 4103
4685 8327
2391 3568
5163 7141
514 5201
5972 8533
4598 6640
3675 7439
3221 8696
2017 8813
7058 8871
7516 8378
2750 5295
158 3347
3689 7708
1701 5428
4306 6677
31 4252
1226 4276
1967 2923
5642 6285
161 5411
406 4899
4538 7428
1532 8507
7844 8434
1108 3997
1487 5325
2128 2835
248 4041
1394 7056
4985 6587
1679 3215
3954 5158
813 1264
769 8457
689 4851
2730 6980
1363 6985
1977 5742
1264 1439
3160 5997
5898 8813
5520 8901
499 2712
1218 6421
1229 4681
1892 2684
1854 2292
740 7511
3457 8777
3014 5472
670 6779
3548 5241
151 8164
5739 7620
4743 7188
3862 6457
3349 3789
6 6042
2995 4844
4495 5473
1788 8281
463 4067
1022 4705
1645 7493
782 1053
197 8275
1557 5270
5334 6875
1025 2274
1956 3975
192 399
874 8396
4822 6374
3110 7078
5781 8428
399 2325
1582 5945
1380 8753
4384 5118
297 3175
2189 5675
2686 4182
651 2867
6557 7912
4499 8580
6594 8366
638 5114
112 1667
246 354
3244 8586
1976 7978
828 8893
2720 7775
3639 5427
3074 6623
5634 6637
5088 5971
4062 4114
789 875
4674 8228
613 4775
7515 8230
6449 8022
848 3201
8353 8492
3310 8610
4649 5466
405 8528
2312 4153
4908 7374
652 4334
1441 4056
384 2943
3736 7354
3499 6529
476 5878
3386 8341
606 3419
2069 5507
1650 2567
8208 8791
3423 8552
742 3336
3552 5029
5984 8257
756 1797
63 2852
4853 7789
2090 6386
1553 4762
2362 4546
3001 7440
1993 3647
1051 3705
897 1128
636 2875
4159 6395
4078 7668
4350 7998
6809 8518
4659 6135
2789 8746
815 3525
128 2145
3829 4779
2473 8753
711 5232
2764 5106
134 5854
7302 8662
3197 4234
8237 8299
5755 6315
339 1370
2665 5453
5471 6982
1628 3953
1945 4303
255 4113
835 8640
218 7364
401 2834
306 6448
2663 8719
4044 6031
3786 5569
6282 8347
5501 6556
176 2738
6360 7410
1073 5151
4859 7533
174 2542
420 4383
6363 6500
566 6202
3173 5272
2177 3074
401 2832
3205 6648
120 8782
144 2545
2757 7446
640 1637
5400 8617
1845 7129
2367 8228
2251 8281
5648 7714
1588 8258
2076 5338
544 1372
4494 8437
7538 7898
1943 4346
4018 4542
383 8789
2631 6422
3071 4988
2472 6772
1523 3941
2230 5163
3577 8575
845 1669
6039 8362
3236 6373
5393 7297
2253 3871
2425 8869
3815 7504
6437 8678
4718 6360
839 8431
879 5696
4574 4754
482 2725
5505 6766
2078 3587
3328 5519
965 6384
703 3886
1299 4047
4136 5052
268 7269
342 5740
1258 2692
1803 6802
561 2047
819 7891
4406 8881
2994 5903
2853 3344
616 4665
642 1417
552 3384
760 4109
3298 8767
1026 7388
3129 5996
1382 1824
1231 7698
5545 8265
1138 7010
1229 8259
496 8113
6488 8606
8465 8646
3231 7802
6116 7572
4776 8303
1725 3451
1595 4256
7627 8009
2016 7199
3827 7532
4006 8051
4281 4821
4292 7437
3640 4970
3703 8644
6876 7155
5791 7463
3448 6786
3249 6722
2214 7336
1581 3734
4217 5056
3114 4868
309 789
554 4695
2839 4058
1089 5350
904 2143
390 3608
1375 5890
2407 6337
1920 3599
2067 4238
1513 2604
2323 8873
1624 7911
1 5890
2213 6262
2870 7993
4721 6368
1596 7365
4030 6173
427 7895
2262 4125
1752 6141
791 8878
2592 6397
900 2740
7229 8495
1256 8172
479 7966
4163 4458
5723 8042
1709 4532
5982 7178
5922 6069
4925 8383
751 7370
5052 8615
1681 7700
454 3790
1084 5610
6565 6582
7627 7862
1863 2820
877 5185
3163 3186
1675 4841
203 2364
2408 8321
4270 4673
2656 3038
1945 5295
1597 8879
731 3527
3330 7866
1772 2845
2801 3438
1417 5217
637 8672
566 7970
5860 8313
5734 6677
2315 4584
344 7896
1608 4190
5295 5803
823 6336
6592 7945
358 2751
4581 6277
2853 6214
2651 6287
2213 6842
2426 4857
3688 8823
4432 6584
2497 3427
7519 8884
1129 1133
5181 7218
5579 8098
2370 6514
1572 5457
740 7335
6886 7363
1389 3457
1210 2823
1362 2610
2157 5707
1264 2793
4158 4957
5535 6416
3053 8556
1349 2455
5399 6865
6904 7916
1442 3543
502 5991
1176 8731
2504 7386
3974 8027
5234 7903
5717 8591
3827 5256
3224 7001
2239 5529
5063 8506
6114 6194
7261 8343
99 5680
1352 5154
153 8861
3648 4493
1150 6043
3329 7626
4391 6846
787 1046
2034 6859
3786 4035
1389 3262
1879 2210
7327 8541
4040 4230
913 7986
2291 3435
1480 5049
5237 6574
4390 6733
963 4139
7291 7482
302 8817
90 7968
8374 8461
641 3519
1130 8837
231 5432
2087 8794
2429 4560
6879 7176
691 4393
1155 5579
4839 6727
542 1535
2191 2812
3620 5992
5083 8577
400 3729
231 2531
5446 6469
2721 5447
4754 5948
1370 7259
373 558
2507 5802
1172 1495
1243 5384
6289 6451
4915 6652
6 8407
5547 6976
4007 5457
4374 6539
1503 1706
2698 4139
4852 8500
808 2508
4655 4937
749 6677
3250 6986
6877 8127
3459 4194
6105 6995
1178 2361
3455 4829
5580 5608
467 2881
3534 6674
6486 7132
2409 5229
6368 7441
3305 8460
2029 8193
1179 4522
56 4320
3470 4369
1549 6435
1762 8867
3590 8390
3788 4063
4455 8722
3484 8503
5207 5217
675 2438
1491 4077
623 1127
4561 4755
4248 7582
2844 6015
6762 8256
3485 5942
491 5528
3808 8641
6269 8503
5274 6014
433 4379
6958 8764
2987 6069
165 543
1541 2938
1946 8876
3546 6958
3289 5530
1887 2013
2642 8128
6233 7317
1416 3432
2530 6141
3088 4745
7041 7826
4598 5630
512 2830
4074 8575
462 7861
2112 3685
5789 5829
4891 4993
5853 8593
1531 7141
3880 4344
877 2037
1702 3277
2077 6526
821 7604
87 1886
2255 3786
165 3512
688 1570
5906 7452
2788 2912
1260 8175
3119 4171
6803 7595
5011 6807
2009 2171
2044 7400
4564 8495
1023 2062
4128 4502
3035 7897
6247 8542
62 4276
4069 5853
7911 8178
833 5995
1173 8394
632 8469
2679 3303
3710 6905
6754 8618
5019 8022
466 3355
1296 3708
967 3536
5070 6226
3006 3384
877 6503
5238 8516
3127 3305
689 2262
5898 6918
5211 7172
4009 5013
2546 6350
557 5998
2999 6211
3798 6557
6133 6268
2895 6939
708 6114
7138 8266
1455 5293
3537 3578
2418 3475
1820 3800
3133 3241
3310 5817
4185 6033
3866 4166
688 856
3062 3950
2474 3962
1452 6063
4474 7891
1386 7188
858 2990
4314 5984
903 1465
1294 1972
3056 6713
6144 7248
2177 8487
1956 2464
6369 8455
2376 4160
3393 8466
2720 4097
3550 3987
4716 7845
394 8604
4768 8285
3645 7253
2209 4739
1239 1557
616 2826
840 4637
889 5925
5500 7546
4692 5272
2423 7020
3360 4737
4745 6839
3460 8646
6343 7264
7683 8905
4453 8722
1522 8615
1975 5416
265 2289
116 6654
5885 7317
3672 4763
6933 7544
3521 7113
5008 6304
3954 5433
1524 5269
575 7223
6149 7860
5307 6457
5166 5894
3991 7011
78 2727
2548 7720
256 5187
1794 4042
5515 7757
5012 7623
1619 5417
3290 7668
2756 8399
5068 8060
376 7709
3424 7544
3036 8259
327 4935
1068 1867
6829 8375
7136 7865
2855 8021
2398 8344
5739 7498
3878 4836
2578 5096
3382 5538
5629 6962
2743 3145
3460 4744
2827 8885
7372 8259
886 1771
4629 6447
4802 6344
3911 8670
1634 3007
5430 6685
4355 6314
4257 4442
1000 4427
6869 8030
7007 7366
204 8214
3475 5068
766 2822
1671 1746
2665 6556
1823 8006
217 1055
5028 8438
333 1032
428 2193
270 8525
888 3093
4235 6886
1147 3593
2814 4949
1096 5027
668 3178
3249 6277
2620 3103
457 6409
5156 7519
6459 8574
136 6353
2680 4047
3230 7373
6519 7704
3785 7707
2568 7905
227 7928
2855 8084
630 4951
2528 7676
1490 2691
1884 5824
1595 5824
1009 2575
1465 3868
2334 6189
1470 6090
6363 7143
5681 7161
1096 8283
1152 3991
4351 5663
5300 8272
6783 8557
2588 2846
4456 6548
6570 8713
1921 4326
3986 7512
4118 7025
1435 1543
4427 5062
6253 6318
6331 8333
2846 3703
4677 7697
109 2065
2838 3812
7722 7976
1019 2375
8154 8258
1 3670
3470 4341
6548 7416
240 5726
1098 2905
3812 5338
299 7778
336 3595
1851 6843
453 4062
2815 8316
2906 7373
4325 7605
1428 7179
2271 8085
2557 4494
1686 8775
337 599
6140 6704
3834 5772
3225 5375
7206 7737
3399 7833
4012 6197
7493 7646
1052 2802
406 2531
874 8355
1582 3674
121 2697
6477 8031
940 2437
2631 8144
1881 3835
3580 5865
4389 8740
972 1719
900 4771
1745 7271
1691 4758
6025 8578
2645 5326
3866 8321
356 1562
2074 8780
5211 7721
198 5389
293 3689
3162 7413
3933 7224
705 5859
1510 4492
980 7214
1506 6174
2292 4280
2204 5759
5575 8202
2766 3237
1737 4807
3333 4315
748 1052
5431 8279
1753 2207
3730 7354
5300 6196
1498 3912
171 8518
1206 7268
5715 7229
3954 4812
5229 6626
1037 2330
5162 5210
4367 4648
4532 4670
58 1810
1086 1488
2424 3834
6816 8048
3196 4490
6357 6686
76 6165
3293 5883
1326 7424
309 8010
6837 8264
4635 8206
538 6072
18 2255
3667 6434
5288 7629
272 3637
1025 2573
4916 5852
3050 8184
8615 8676
3223 5163
5694 6951
3766 8761
1715 7122
2252 4445
4608 8304
377 4295
2492 5905
2349 4396
2860 8821
949 7625
930 4576
2700 7134
2534 3106
4629 7308
5087 7786
3961 7262
1001 2623
1269 8340
2987 7997
3813 6964
842 7940
2231 4881
1837 8833
2723 3491
5443 8080
2888 8148
538 2075
4224 5873
2654 3090
1436 6200
655 4030
5354 6231
6973 8597
5515 7262
2112 5895
883 3846
2519 3062
2753 7066
247 8694
222 7344
6018 8620
400 4541
1788 4809
6096 6403
2944 7658
2155 5424
3394 5725
2760 7163
884 7121
264 4631
432 3401
1288 4722
3715 7857
3547 6704
487 8679
4234 7537
3402 7084
1170 7737
2044 6937
5625 6486
4096 5474
3074 7492
1409 8671
2465 3143
1424 8808
4521 5720
3708 4479
1260 2585
2030 4800
2337 5158
1554 6339
2666 5151
6662 7373
274 1816
2243 2834
4892 8819
2724 3646
6095 7503
6757 8016
690 7979
913 2871
7260 8659
636 1889
696 4128
365 6761
3806 8606
710 8287
2185 4793
338 2819
371 8690
2373 4575
830 3025
4515 7571
3005 7353
7533 8361
1422 2523
895 7379
284 8463
1037 5380
410 871
3398 3798
2208 5131
6224 8247
3516 7745
4555 8417
1120 5294
904 3382
5504 8720
4516 7720
742 4715
835 8818
1379 6480
3265 6856
3928 6195
4298 5022
507 527
4042 8452
710 7882
220 900
3485 7655
84 7736
2062 8328
1118 1619
1400 5382
5448 8637
2411 8249
1104 4543
1909 3630
2853 8508
1329 2152
779 6265
696 5448
2319 7081
638 5836
4321 5398
1400 5909
3373 8185
259 8565
2367 3522
1223 7435
972 5851
79 2350
3554 7890
2617 4647
4752 7867
2720 4444
26 6382
4433 5907
8572 8642
687 8411
34 1777
777 8469
1624 4606
2308 2339
2069 5201
1260 4537
5578 6118
42 8861
249 1137
5223 6410
6813 7541
3523 4474
1900 5904
4480 8486
7316 7866
4442 8629
5000 5211
2419 8725
2008 4740
4221 8774
3596 7033
8055 8731
783 6910
5022 5643
5188 5246
4181 7099
3927 8617
7283 7379
6960 8576
2266 5286
4548 7274
950 4411
4886 8103
5795 8703
4139 7401
4999 6839
6448 6802
4768 7154
2131 6924
4673 5374
4005 6503
685 1167
4413 5488
5552 7175
3058 4208
471 1209
4982 8430
2431 6681
3170 5451
3387 5667
99 1636
1233 7214
3825 5674
2755 4561
2923 5761
1592 4986
6297 8428
918 1245
1378 8226
4800 8518
1583 2580
2217 7058
909 4790
1314 2342
3556 8190
1210 7521
473 1060
6380 6841
1021 1047
5081 6544
1082 4550
2164 7813
209 7690
1298 6400
579 3072
1726 3114
2964 3782
606 1320
5259 6469
2072 7136
618 4021
1751 3488
1464 4143
5898 6703
5381 6792
1213 7085
2200 8208
208 8389
3416 6825
769 997
6114 8749
4447 6690
1430 3293
710 8204
1162 6279
6748 8529
5087 8145
2372 6138
6030 8892
4508 6522
3618 8631
2142 4046
1845 6774
6731 8891
713 3177
5896 5930
5545 8857
6986 7002
5235 5438
4666 6292
681 7293
2533 5285
3237 6954
89 6908
16 1075
1591 6747
145 6586
7895 8256
1872 5550
1362 4753
882 8849
1368 8336
1368 8580
1600 8771
1175 7371
3819 5105
2209 6647
3321 4794
948 956
3516 5651
4890 7915
565 2540
3217 8235
5998 6259
3432 3849
3038 3064
2025 7091
1656 3806
1547 8082
48 293
1423 7206
981 1066
2734 5643
4111 4290
4280 8586
2157 4645
1191 3001
5396 5920
4872 5437
3283 6254
402 6003
3819 4131
762 5424
627 7309
689 1493
3495 6653
6085 7411
2720 5590
5021 7226
5766 5905
1403 5338
780 2990
298 5928
3641 8821
1388 5491
4939 6396
6054 7561
1101 6531
3989 4638
878 7744
352 1482
4602 7014
8814 8886
123 8529
6025 7510
2097 2648
394 3144
348 3497
362 5351
1580 2470
512 4047
7236 7516
1046 3785
2481 4088
3308 3606
1343 4136
4162 6737
5820 7928
2718 6729
4866 8590
517 5617
2473 8418
1463 4364
97 8790
1945 4492
5167 6136
1210 5154
3995 4655
4361 7640
4416 7680
3844 5703
756 6201
1358 8260
698 1510
499 4330
1958 8595
252 2599
1364 6126
6377 8889
5955 7542
3628 5780
5601 7857
3476 3841
826 4179
5738 8725
702 4515
335 8552
3133 7524
6241 8266
256 3367
3038 3905
2061 6321
4192 7849
6526 7216
1478 7362
3185 7599
661 6941
2379 3317
5960 7505
281 1454
6191 6660
227 3269
672 6375
1018 7427
731 8546
4286 6755
2245 3043
1164 6991
2339 5654
1410 4332
1585 5863
2854 3619
7510 8503
6831 7339
7916 8872
6237 8880
4800 6912
7205 8810
3320 8783
3415 4260
1259 3106
2303 7046
3604 7978
6549 8450
667 8259
1739 3795
3916 6545
7029 8033
7709 8782
1682 5074
3746 6112
1551 4377
3036 5823
2734 7115
4530 7659
2280 6016
3496 6389
1831 1893
4825 4862
1464 2910
3860 4050
4277 4522
1072 3270
1494 4725
425 8608
6124 7966
2407 6626
4287 5417
1462 8335
1653 7141
3504 6677
1945 8766
5398 7836
1274 3795
5986 6719
645 6573
2414 4614
1153 2173
7227 7543
123 4340
4781 7172
1705 8857
3204 8320
3077 7615
2984 7826
663 5321
163 1118
1703 2665
3649 3950
606 6533
228 3937
71 7920
3694 6366
4432 6997
4974 5737
2952 4561
5626 7461
3278 7336
5077 8682
1199 3482
675 8286
4219 6479
1818 2845
1984 7242
1385 4949
794 6224
7438 7910
2122 4946
4476 6714
1761 7909
243 4598
1408 5506
4307 8593
970 5397
7971 8498
5599 6527
7193 8399
1286 4361
984 7272
6339 8328
1014 4285
3145 7180
2109 3654
1915 3478
1711 4196
5115 8400
2198 4420
651 7927
2930 8053
434 5602
3251 7287
480 3689
6792 8308
1997 6368
385 2152
2971 3922
2590 7763
1097 6477
4828 6598
5090 8723
60 3906
287 8184
365 7736
8649 8775
4215 6622
3673 7323
7676 7905
345 1858
897 3734
483 1139
7063 8823
3418 6644
2490 3172
1029 3560
1927 8266
5196 7274
2897 4860
5949 8867
7279 8663
4486 8636
6944 8529
5803 6456
792 7622
5744 6615
668 2517
2553 7268
1933 2579
2623 3562
6511 8746
5664 7408
7078 7612
3346 3391
1720 7058
2325 2665
3885 5581
5280 5924
1080 1937
4600 8664
2739 6803
853 7637
6679 6908
407 2472
1812 2396
80 3615
1216 3205
1779 7837
4203 8525
3189 3385
1993 3621
2440 3602
526 1865
103 4043
196 5449
392 8179
4760 8005
1141 1230
5327 5954
2129 5370
5467 6187
1471 6802
758 6051
1687 4359
832 2231
185 8632
4352 4629
2991 4208
6775 7768
1247 6191
4314 7051
6493 7334
2611 5833
27 3591
789 7348
2811 4616
640 4169
4947 5238
7165 8691
1396 2488
3814 7180
6403 8324
393 6064
442 2018
4817 8300
2863 3073
5125 6340
3631 4279
4523 7437
224 5639
1965 2572
3594 7209
1674 7772
3147 7845
1804 8370
3498 7358
3870 7784
1389 8527
234 2026
2433 6634
3603 8560
843 2200
3838 4583
5842 7057
2949 7896
3147 7451
7122 7343
553 2937
4805 7521
3823 4694
2342 6738
2430 8283
5865 6472
2033 6237
6157 8501
2078 3130
6262 8651
1005 8473
4386 8222
1221 6166
2922 8107
1068 6768
1989 2499
1214 4546
2814 6580
1800 5172
178 1676
2054 7852
3751 4560
2647 8530
489 8035
3414 6658
1033 3591
982 5847
1551 8077
22 3816
487 1128
1437 7935
3813 6746
1270 2790
1928 4908
4726 4956
91 6635
5157 7218
2399 8823
5786 6644
6387 8001
2195 4254
5855 7155
4910 7849
3978 6251
2492 8059
649 8154
402 6474
4706 6285
1348 7201
253 5400
127 4585
5532 6385
5613 7376
6955 8158
2850 8764
1180 1699
2279 6428
4840 5706
103 167
2926 8078
2958 8419
1625 7656
15 3511
742 2188
5307 6117
1091 2523
1590 5381
2751 6656
7485 7604
333 5584
4958 8304
1874 2279
5519 6048
5633 8809
6716 8818
2561 6763
5054 7201
2700 4667
1121 3271
1871 6376
5853 6124
2576 2584
1686 8662
6249 8068
3258 8606
1833 7394
448 5799
2259 6555
841 7999
5432 6391
1875 7898
5592 6425
946 4336
273 2459
1299 4361
1290 8032
3841 5036
5693 8683
2700 3054
1458 6712
1474 4093
153 7433
135 1259
1906 4060
3017 3896
7345 8416
2526 6775
2610 4662
6241 7448
1817 6558
2432 4688
1459 3820
3227 4225
3846 5684
930 1706
2227 5495
1954 8787
2356 7836
2507 8365
655 4961
6740 8351
1364 5361
1430 5779
1894 8213
422 8092
2543 4824
4033 7210
3544 5484
1108 8751
541 851
766 4546
2889 7442
629 1595
469 1435
5682 6509
1969 7342
3505 7743
348 7771
286 8103
2594 6821
4146 8669
7164 8427
3626 6972
4325 5885
3503 6115
7583 7685
1775 7572
2904 7967
260 3070
2477 4249
1589 4020
3427 4217
839 4212
4409 7218
1227 8142
14 6300
1361 2174
1124 1664
742 1965
2668 5402
669 2821
1747 8631
3738 4386
2717 7918
2707 6474
1708 6230
2443 6249
3334 3904
4537 5811
3798 4369
5471 6906
4747 7186
528 7446
141 5110
1328 5391
6670 7728
522 3003
643 5510
181 1711
5767 6942
3738 6820
1500 8830
2010 8380
1169 7647
1003 3838
2318 5071
3221 5098
328 5034
2455 4883
2613 2696
1421 4117
3225 5555
816 6473
7795 8440
477 5362
5731 8179
3740 7878
993 1073
2 5654
2407 6611
1223 7942
1907 5637
939 5223
2291 8082
1478 5542
6691 7840
4079 4398
5886 7158
2529 6867
2652 8117
472 1532
1217 8084
1567 4254
3315 3801
1363 2566
1650 8435
3434 6249
2954 6977
3350 4989
716 8237
309 317
67 5220
6566 8028
13 4202
7419 8723
8366 8643
3749 6339
5632 6469
6550 7263
1168 4413
1477 5440
3144 7828
1907 2482
1921 8047
3718 5904
6504 6547
235 7602
242 8283
4367 4878
5619 8172
1923 3600
152 4875
22 3290
3874 4440
326 2929
646 5558
7049 7667
5372 6929
32 5899
549 694
6951 8168
6427 7927
615 6503
3458 3819
6498 6785
2723 7235
47 1631
1071 5731
603 1078
2126 2518
5838 8074
676 4983
2079 4442
3898 7082
4757 5926
934 3315
1841 8600
947 8633
1080 5859
5408 5882
1974 7727
179 8815
2117 3722
7749 8259
7374 8734
5100 6505
4190 4750
1387 8718
843 3222
3392 3992
3447 8299
1491 5658
4417 7668
1375 3691
4803 7058
3677 6986
1258 3780
1534 8105
2402 8323
647 8510
1223 3417
6543 7019
1735 6090
3740 7392
7881 7906
6269 8260
3126 3297
4467 7711
2626 8766
1304 4793
1576 7012
4994 7672
6041 6670
5835 7363
883 2293
2273 2669
1211 1732
935 3579
2494 6598
6202 7193
1646 4770
2789 5279
2843 4492
5581 8386
2625 5902
2800 4640
2001 2778
4459 4734
2127 2927
3777 4579
5193 5898
207 8408
3189 4456
3617 6128
3323 3767
5508 6036
4032 7331
2267 6483
8511 8814
1062 7408
2413 5679
2862 3731
2530 5743
1152 6413
348 1550
4561 7988
1576 1830
5835 6524
5480 8418
283 1546
3840 4251
3255 5004
1386 8147
3305 5430
2491 3873
5626 7354
1844 8819
1969 6338
5206 6803
5122 6148
366 1167
697 4967
6911 7263
4327 5460
4097 7377
6070 8848
6988 8140
2486 2789
4405 8810
3385 6303
6212 8702
3435 8307
4102 6610
4090 8284
1918 6868
1308 5298
2174 2210
3147 5080
2547 5862
5819 6109
1293 1598
2770 4359
225 1085
4152 4472
2564 8721
5093 5771
4917 7266
4139 5146
316 8224
4997 8817
4412 8306
4370 8781
1196 4218
605 3663
459 4190
2762 4940
3794 5655
3857 3897
6565 6709
604 8847
2134 3552
5555 7908
6305 8632
7142 8284
480 6124
178 7404
621 5113
5863 8438
2361 6716
5539 8118
3377 6983
1548 4417
3937 7672
1106 7434
5977 6661
6344 7217
1097 8854
2087 7571
6623 8406
1570 1963
67 1306
3930 7444
3618 5714
5150 7682
4390 7473
6306 7634
4728 5198
3427 7848
6702 6789
3812 3964
1874 7367
5295 8562
159 3313
5818 7591
4866 8824
728 7452
1325 3744
1778 3485
1565 3856
1650 3429
2438 7746
1103 3461
2501 7390
1598 8012
7309 8339
4123 7586
3429 3787
683 5226
5973 6129
4647 5372
3430 7046
1215 4046
279 5125
1748 5921
2929 8711
3737 4898
889 7450
1921 6304
7129 8697
2335 3160
6983 8665
4148 8018
3008 6650
379 7431
2352 6275
4114 4499
628 8313
442 1155
1276 6638
3257 7321
684 1842
6278 7522
2308 5372
2668 8765
3059 3260
1172 8248
1434 3668
2085 2455
3887 8722
4846 5432
111 4397
2118 4335
1681 6272
5281 6691
1149 5042
143 6996
4217 4948
6665 7043
6363 7969
7172 8196
1179 5567
2577 7419
1574 1687
163 193
1091 1745
2681 5579
480 6396
7685 8646
2961 4088
557 8346
1049 7261
511 2730
582 1091
1654 8315
2650 3568
4083 7885
4749 8781
3508 7355
6424 8710
6391 8165
837 6053
3625 8798
1693 5285
3472 5726
5791 6529
3052 8601
3363 7212
363 1146
407 3680
964 2761
2613 3647
863 1632
558 6787
7745 7904
1485 8223
3853 8378
1930 8898
7290 7436
5771 8054
287 6119
7780 8724
5654 6155
3144 8350
7349 8397
6153 6314
280 5116
7114 8226
3682 5159
634 7476
6990 7092
5727 8707
1287 4479
59 1857
21 1729
6366 8442
5052 6264
1987 5189
2412 8038
1724 8057
8131 8462
2467 7008
422 3649
702 4160
2901 7183
418 1541
1636 6621
2975 5140
3419 5208
5497 5564
1973 4683
1372 2459
781 8610
640 2029
6286 6880
2450 8702
5976 7706
8036 8171
8 357
4927 8097
2032 4037
2319 6940
5170 5371
7768 8488
1514 7540
348 7360
4343 8122
2807 8365
620 7368
6282 6594
3186 4857
1058 5749
51 5841
3040 8378
2472 6155
469 3452
2483 8875
1158 1977
1089 7209
7835 7886
1950 6655
4813 4888
401 4257
2633 6366
2595 6039
4701 4750
6772 7517
30 1405
1013 2064
2804 7604
1032 1720
1741 2753
3996 7791
879 2182
1579 8766
2546 5444
2684 3891
2903 5104
239 4915
4052 6851
1429 1816
7395 8172
6154 7996
2006 3209
904 1596
2880 7277
2714 4537
1780 5143
546 4628
188 2530
809 6941
2346 4570
3061 7731
4282 4484
626 1094
4953 4968
674 2147
303 4528
4237 7451
7080 8115
3528 4739
1619 2404
2937 7544
236 1960
1024 2527
7095 8384
1219 1247
4054 6730
4296 4766
3000 4322
2989 3843
2451 5439
659 2200
7086 7315
3609 5161
7978 8169
844 4096
3766 4594
4504 6232
101 7860
2078 3438
6355 7661
1185 8663
1916 6845
2381 4756
1702 6376
2942 2978
3573 3722
6587 7109
3091 6036
143 4016
2974 4978
7748 8428
826 1216
412 1793
2933 3759
273 4375
806 7581
324 7188
5480 6943
6091 7913
480 6387
1673 5800
2168 5805
3286 3901
2141 8012
2725 6078
1558 7677
594 3816
1355 1949
195 4519
2667 7247
5902 7101
147 1907
2840 7301
1336 2192
5687 8763
5252 6157
5703 8514
686 7450
1297 1755
4599 8586
1394 8903
5538 7730
4169 6480
4436 8602
3824 7399
1702 8814
4989 8757
4745 6677
1994 2323
5296 5667
1968 7268
5295 6409
8189 8259
7486 8611
4303 4645
664 3551
800 3349
3750 4731
1339 8433
1996 2008
634 5357
2961 4236
1750 4603
1572 7430
5784 6907
1660 3684
597 4106
3750 8896
2463 3839
1364 1791
832 6215
508 1138
883 2846
481 6735
2997 5072
2882 7679
1238 6623
2904 5874
967 2671
1644 2271
2779 4927
3397 7619
3701 6272
8042 8118
1647 7956
4723 5996
310 7504
108 1601
6276 7808
7697 8059
5117 6897
7299 7606
4043 5608
3393 6071
1623 1725
5857 8182
4565 8114
3388 4979
3688 4133
3646 5834
3639 8380
5115 7629
3865 8764
5723 6501
4626 7077
3147 4371
6938 7738
2340 7688
2842 6345
4833 6246
2219 2846
1576 7139
1941 2498
6398 6703
798 4474
2141 7660
3683 7875
3149 7640
237 6322
1507 3849
1220 7971
1451 2177
2036 8076
867 4296
403 3752
3763 4616
2312 4968
1448 4261
1688 6316
1838 8420
4642 7969
3756 3945
3890 8823
234 6352
8043 8046
2065 2200
197 2530
1181 4128
2693 5686
5084 7927
1979 3344
3063 5708
8050 8393
4561 7452
2873 7174
3011 4851
4572 8636
1991 2616
5055 5372
968 4417
4662 6004
1430 6409
7914 8237
3131 7229
1318 6736
947 2835
1122 3025
6532 6897
136 3414
3519 5490
6124 8845
4026 6478
4017 4493
146 6303
2176 6888
670 7637
3223 6364
379 2877
4411 4554
4500 8700
347 1869
319 6702
6203 6828
3225 3284
1808 8094
1785 6839
1653 7531
1763 5094
4624 4677
426 3985
3863 4860
3499 5456
7327 8635
7613 8232
3792 6185
5228 5283
4149 4835
96 1871
3082 7769
4142 4332
586 2367
3181 6631
232 2971
6029 6166
124 3751
1622 2660
765 2608
4112 6824
4932 6285
471 3010
6366 7167
893 2126
1016 8299
3709 5904
2901 3513
959 1951
850 1841
2577 3762
6936 7006
7205 8009
4041 6983
2599 8736
2379 3390
2354 6692
6238 7466
6069 6363
2848 3037
5196 7034
2215 7006
389 3537
5155 5911
3745 8201
1851 6663
4510 8578
4568 7994
742 1223
555 8305
6956 7668
678 3133
6057 8685
6118 8728
5674 5966
6174 8759
7210 7224
833 8474
4081 7096
2290 6657
915 4334
5677 7983
1481 8190
4902 6558
2965 6827
3288 4431
2599 7204
3725 6163
262 6841
1491 1537
4423 8422
717 5092
2559 4304
7654 8640
7028 7631
5253 8156
2232 5411
2190 6852
4168 5382
5626 8340
5229 5535
2882 5428
5366 6008
4658 7601
6347 8758
417 8536
6926 8099
1541 2334
1017 5502
275 8210
152 2839
5283 8535
1405 7965
6006 7242
3220 6864
1832 5931
5697 8891
2506 7115
290 6944
2302 5538
1594 5950
7019 8441
1385 3492
4238 5545
3440 7693
1806 2812
1780 8229
4163 8153
3929 7026
3581 4513
5005 5107
7182 8679
230 7503
6290 6372
2733 3202
3161 7756
101 3824
8266 8808
3486 6186
318 713
2207 2467
777 1606
2012 3901
6510 8165
548 6089
5358 7322
3335 7500
373 4145
6804 8287
827 3651
4413 7163
2955 3771
5173 8842
3724 7398
6844 7866
2137 7863
22 800
307 2457
4568 5952
283 3570
3368 8540
1847 8829
3223 7953
679 1392
3248 8096
1077 1553
4843 4866
3205 5835
1894 4663
2199 2511
4042 6672
6623 8846
1532 4556
869 1160
4245 8839
1438 4859
660 6857
5712 8631
3006 7476
351 8522
4928 6989
1561 2891
4121 5715
5673 8057
1392 3617
460 8706
1712 3376
953 6657
1224 3770
567 8896
6334 6653
3875 8082
3305 8691
800 6169
2347 8435
1507 8889
1059 7213
1167 8853
3768 3808
3006 3063
6839 8150
278 5344
135 3888
3088 5434
5540 7250
2023 6186
2484 7781
574 6177
1729 3645
1796 7523
1067 1867
1170 5932
1255 2606
4071 5650
6554 6963
2284 5232
1043 4372
4174 5497
5573 7726
5340 6076
2713 8727
2613 8184
6646 8640
2695 6059
4510 6179
5436 7178
1853 7817
3236 7525
7214 8652
2903 7021
4856 5701
1424 1602
1757 4916
5014 5826
1045 8585
1361 4511
1215 2865
7234 7239
492 5595
677 6139
61 7860
7274 7549
2207 7891
4889 7422
43 2909
2072 4904
2774 4868
2331 8276
5867 6608
5198 8173
1708 5736
2874 7055
5274 7401
880 8469
1116 2008
1944 4356
4182 4322
5767 8877
3242 8664
223 1171
99 8378
202 3645
2375 6865
895 1314
3006 6423
6193 8095
1285 2552
2724 7550
6317 6473
1712 4172
7073 8585
3947 6819
4269 4516
1848 4949
3834 3884
588 2450
1145 2690
8245 8898
207 281
2825 3826
1861 2491
5523 5803
629 6739
2651 4501
3189 6098
883 3320
1782 5255
926 3680
1829 4967
3352 6775
740 6526
1172 2955
4135 5978
558 3001
4170 6000
8390 8737
5789 8656
3504 5767
2611 7064
4210 5983
4387 5469
5035 8670
3297 3928
1762 7687
1564 7979
413 3040
3139 5436
2178 7444
1070 2414
4410 7506
5336 5878
409 6743
1625 4910
6590 7765
125 1785
1068 5171
7977 8898
5203 6036
8289 8463
718 3088
3626 4394
4936 5048
3113 3485
5034 8015
4704 7477
669 8545
5245 5926
219 6910
1293 5479
3997 5794
1446 4017
4985 6170
301 940
4483 6321
3506 4073
3464 4997
3378 7166
6952 8033
244 7372
3868 8496
4447 7226
6958 8724
3985 6226
1201 7296
2689 7024
658 2477
1298 5124
5535 6607
2151 7684
4568 8743
1425 7385
3971 8288
7798 8855
1677 6456
4193 8758
3690 8435
6929 7732
4806 5405
1209 4841
2374 2445
6122 8631
240 2473
3033 7687
3497 7823
3073 8445
883 4137
579 1472
2901 6246
3623 6115
3266 7879
1263 3364
5178 7865
2197 4624
1824 6065
1158 6600
5775 8800
4500 8905
1229 2613
3434 5428
3064 8834
7193 8882
4589 8191
1532 4119
4988 8775
1802 5600
2651 5341
7260 8609
2106 3569
6799 7252
3411 7858
348 3643
2481 2536
1207 8563
6085 8701
1873 2110
3572 8376
5225 6550
5410 7777
6397 7069
977 4597
3287 7983
6020 7922
3997 6906
1010 1026
6775 7061
1246 3598
760 7374
3698 7826
5326 8333
831 4774
130 617
2706 8490
4949 8360
2367 5618
1400 4756
3423 8074
4424 6166
1467 5464
507 5021
536 8757
8563 8686
2160 6023
4781 7330
895 5195
93 2528
4987 5935
221 380
2846 5197
1781 3392
5871 5936
6009 6769
174 3041
5147 5408
578 3097
7834 8794
6476 8478
585 7546
1911 3712
755 7697
2720 7077
4083 5862
2309 5467
7444 8769
1164 3846
589 749
4679 5516
3197 7191
241 4893
6948 7661
1605 5943
1066 2771
4596 8014
1934 5282
5177 8078
4319 7222
1124 4798
2235 7026
179 5954
1509 7675
2643 8833
3186 5559
4047 5039
2762 7220
1781 6732
2389 7193
3168 5197
354 7799
3649 6060
648 8081
4602 7131
6488 8503
4057 6251
3984 4034
5728 6717
1710 2165
3705 5421
4963 7203
3147 5112
1438 2982
573 3563
4545 7331
8306 8819
7356 7872
4659 5799
6602 6865
1495 8371
46 2154
4328 8112
849 7109
2276 7204
3114 6905
2648 8482
3420 7514
8256 8859
5329 8102
4202 5226
1916 7300
2405 5795
1504 4673
2572 2919
2367 3410
3642 8622
5008 6907
1111 1536
1076 6609
379 2456
1661 2715
8101 8283
6288 6716
3080 3326
1959 7302
3722 6296
267 3553
4712 4900
2210 3434
2803 3934
1527 6293
4932 6863
898 1977
2153 8669
5341 8750
1707 8068
551 1570
517 4889
3393 8195
892 2539
1463 2092
3753 5911
768 1958
4918 5146
1159 5338
2909 5796
7193 7926
2951 5149
1215 5556
992 3958
2566 2968
1600 3921
965 8128
1033 1619
314 7563
2300 8258
1858 4095
2115 3339
2215 7028
5030 8480
1334 2194
28 7214
1812 1908
4619 7791
2377 6039
8605 8635
4862 8763
2207 8028
2843 4669
3960 8487
1576 3549
4190 4804
1071 8318
706 1696
396 6369
2068 8182
1966 3837
398 2903
163 7754
996 8848
5248 7589
468 3176
2091 8121
3210 5286
6349 7294
4973 5117
5283 6734
2766 8061
2133 3693
90 7156
2156 6153
3843 4430
4102 7918
5472 7384
4984 7206
7406 7630
2064 6325
4408 5095
3646 8889
2320 6623
7249 7344
570 2398
4137 8711
2014 8552
3455 7140
4553 8795
4120 5600
2133 5445
871 8254
218 7112
620 8311
6357 8639
6143 6508
5001 8118
3021 4344
3423 4525
4260 6978
3439 6013
2333 2534
1288 2750
47 1209
878 4947
1905 5402
4039 6899
2840 6360
6187 7392
793 8766
5972 8456
2369 6578
2192 8803
1822 8493
7860 8018
664 937
701 5606
6277 7346
1024 3696
5202 8815
2941 3659
317 1324
2458 8624
800 8129
581 5750
2908 6859
1867 2121
1897 3595
3746 6301
3801 5059
4077 4760
2618 3225
1321 5898
7677 7681
5976 6765
464 6283
5685 7800
1020 1839
815 5287
181 1327
729 5137
4824 6846
2319 6455
3094 8804
1264 8277
4008 6057
3370 6377
3282 8176
1427 3985
2691 7520
4614 6678
1267 1272
609 3648
391 6643
2746 6952
1638 8813
1076 3499
1197 6120
1216 6399
1653 4130
1491 4281
1600 4314
6716 7838
2543 3379
6743 7324
5598 8382
2406 2859
600 5376
623 5461
3153 4572
465 4662
3834 5512
1805 5425
1619 2418
2745 5409
2296 2474
1464 4002
6506 7198
1671 6040
3602 8649
4645 6061
6282 8058
1612 1747
826 2415
7830 7922
832 5151
689 5097
40 8449
3265 5626
3665 5077
3902 7595
8006 8349
1964 4195
209 6986
415 4254
6567 7509
2678 4698
261 3099
352 3345
2246 7617
196 4265
4703 4986
6224 6257
5769 8087
1313 1945
1088 2339
5901 8616
2080 4089
1109 1325
1955 4627
5639 5973
1167 2383
4539 7717
1832 4483
1618 8625
4040 8413
546 7387
3977 4539
3454 5572
1928 7742
1851 3105
2369 6243
1319 7629
2633 8166
3488 5965
2608 5135
2835 7245
3522 5017
3216 7700
235 3586
4767 6419
955 7239
4787 8398
5662 8415
5795 7337
2164 8854
1136 6056
3414 3844
212 800
6648 7115
4427 6870
4780 6643
3663 5033
5187 6788
4240 4740
6983 7284
7271 8387
3199 8378
1383 3605
509 4905
1944 4137
2213 5893
2717 6376
2810 4801
342 6841
4861 4947
3182 5191
640 3109
4988 7151
2462 6956
1734 2930
1579 2221
6514 7757
5093 5304
1374 3245
182 2904
2316 5890
1277 3290
8842 8872
8509 8586
3171 3686
113 5119
6845 7437
710 7326
7511 7807
6677 8003
923 5411
4362 4946
2549 3501
962 8212
3916 8361
2089 5275
1402 5305
451 6958
2682 5198
3022 6679
1523 5440
846 7335
2769 2775
3258 3795
3948 6609
448 7247
4211 8351
7256 8327
1880 3242
6011 8008
2043 4334
801 1030
6307 6321
522 8185
394 6273
2886 7651
1914 6034
5434 7336
586 3434
4314 6262
8404 8577
6360 8118
348 4732
2773 4238
3205 8674
4672 6453
3049 5108
2466 3755
5161 5856
5252 6183
5024 7330
3188 5723
2833 7629
3728 3775
5544 8440
2837 7983
2838 4938
266 4036
5557 8188
2921 8863
2242 6042
4517 8074
7071 8050
5058 5503
1149 8057
399 6701
104 3081
4166 4457
6066 7806
3030 6712
840 6633
4376 5452
3335 4293
3889 4435
2278 6068
5803 8343
5496 8103
623 2279
359 509
2002 5928
4474 5848
3348 5603
7203 7228
5555 8111
2796 8655
643 8422
5620 7285
4630 8726
4178 5864
3041 3751
4376 4524
6053 7770
2992 7966
2078 8053
3455 8326
3049 5111
1167 6890
6492 7118
5960 7342
992 6299
759 4011
1262 1753
1659 3205
8083 8602
5807 6365
877 1565
1835 6913
2564 4360
1187 4010
3262 7913
3110 6696
3262 7308
1759 7981
7950 8592
5871 7800
2661 6983
3386 7123
5963 6181
6708 8194
4716 8762
3350 7529
1934 2048
4693 6955
1169 2631
1717 4223
499 8309
4605 7612
5358 7758
5638 6767
4405 7768
3213 7437
764 8733
4314 8198
2704 6119
440 2583
3639 6557
6758 7603
5941 5942
6999 7054
1912 4877
6000 7483
7469 8175
6577 6957
5434 7393
8213 8666
2615 5830
2842 4742
1652 2592
2132 6280
7313 7597
2476 8228
5806 7339
4187 5168
2325 8701
2954 5367
7981 8004
1945 4845
1872 6805
824 4748
4849 8134
2254 6920
55 403
5016 8338
1195 7664
4981 5239
2339 4726
1245 2943
2203 6498
6125 6420
4093 5961
7412 7591
454 4995
7483 8294
52 3649
5448 7796
127 8423
520 4489
342 1334
730 3165
2339 4407
3578 4778
5926 6992
2292 5975
24 5757
1798 2997
4318 6946
8025 8812
400 790
492 4122
4476 5635
2567 7354
4346 4556
1965 7535
1461 3146
5953 6450
3468 5911
2313 8319
4039 7891
3891 4898
2281 8737
820 1341
4971 7109
313 8805
1300 3393
5566 6047
3850 4990
4446 5499
916 2856
2574 3990
2816 7276
5702 7950
739 7430
1526 7059
324 3965
3099 3882
2577 5997
6195 8584
3414 5289
636 2015
273 1029
4000 5348
3961 7947
3685 4311
821 1632
1230 3294
5430 7102
557 2338
7409 8116
6716 6723
88 4229
500 6967
2227 6734
8332 8881
1102 1744
5808 8155
2365 4288
80 4363
1426 5355
2797 8160
3571 5621
1360 1386
6770 8361
1298 8293
445 1150
695 3662
344 6342
1618 3394
1167 8768
3225 5247
512 4824
3574 6393
277 7562
1107 7403
41 1841
4158 6639
3275 5196
5258 7375
6080 8204
3189 6606
11 5390
5622 7618
5617 6571
444 5275
6098 7608
4036 8837
1633 2854
1169 7110
2509 4207
905 2110
1879 7871
1442 1944
5003 8737
2311 6328
3433 3960
7035 7658
1502 5799
6120 7743
4122 5199
1510 3212
245 8733
885 6802
7487 8320
330 7280
3699 5900
4897 5250
5006 8256
6925 7827
6056 8202
4384 5197
6928 7929
5872 8861
5774 6652
1246 4472
5307 6906
5325 7402
5486 8316
1465 1722
568 1011
471 1289
540 5285
1727 5915
7115 7155
2784 3320
5126 8316
6130 6491
1095 1885
1671 1972
2178 6405
2365 7957
5975 8650
2836 8806
138 5919
3333 4683
910 4720
3848 7427
586 3657
280 2538
5996 7827
6187 7480
2983 8523
1897 8253
7974 8537
387 6874
3734 6316
540 6864
6179 8236
5889 7377
5206 8207
6032 6236
2495 4928
529 6549
4418 8301
2369 3901
3485 7880
6224 7601
1182 8587
1869 7886
3899 6108
3385 8865
1327 7175
4126 8425
4161 6905
3155 4080
996 2293
2304 8637
2025 6497
3366 8581
2328 5086
1910 2227
7544 7924
5938 8036
2293 3907
4465 5646
5434 7886
4929 6566
4473 8504
3587 7052
978 4289
1935 8334
3440 6928
6314 7699
1977 2661
3408 4719
1063 5275
2915 5615
1040 4296
6181 8509
1018 6841
640 3483
6813 8596
2995 4472
2724 7790
6575 7951
4137 7544
2962 7980
5884 8026
2824 5833
6799 7528
83 6487
66 2947
633 6953
6228 8755
4873 7422
683 7968
1720 5173
6137 6507
1926 2838
409 3112
4395 7216
7173 7181
4482 6005
6034 6143
3864 5152
1967 6253
2874 8810
354 772
5844 8455
3213 4866
5007 7676
5001 6403
1593 6583
6518 7687
571 6624
1656 3387
1476 2809
4842 8034
1068 1757
5551 7411
4426 8780
4707 8795
4210 8598
1228 4454
6328 7146
1734 5570
4969 6866
3747 4433
807 4507
68 7779
75 5183
266 1879
4023 8462
2819 5557
2525 5616
2144 8409
6225 6596
5835 7546
5942 7373
4765 8242
6105 7040
3295 4202
3224 5138
3548 6644
1426 1556
2015 3178
5738 7828
1300 2935
3724 8109
2589 5020
3198 7576
3709 4067
1062 8170
4657 5774
7900 8306
2384 7336
1217 6087
421 6448
510 3561
1459 8052
2337 3783
2922 4796
956 6110
3300 4393
2629 6650
3819 8710
222 2211
3117 3510
5319 5636
4417 5825
2143 4705
640 6750
1174 1392
222 1124
6353 8648
1894 2490
6351 7934
4623 5437
6782 7235
2208 3981
1712 3247
3450 7094
1280 2254
595 4152
1517 5549
643 2532
653 3436
5324 6947
299 2105
901 3198
1018 5785
4452 5227
1018 2946
1363 6166
189 468
209 2787
279 2635
3738 8363
1953 7829
584 7285
2605 8145
1271 6276
6132 7328
313 6808
5394 7335
2869 7885
1292 3291
42 6798
2154 3639
7155 8647
4074 6475
5905 8201
6534 8743
6056 6874
1525 3944
2496 3091
674 3743
3753 5079
3422 7007
2996 5810
889 2046
5798 6234
3031 5785
2228 4308
4724 6199
5528 8259
4017 5672
2963 5485
304 1461
2629 7644
1611 5425
2312 6503
3734 4684
6648 7193
2706 6842
3320 4032
5150 8454
572 2934
300 8458
4808 5849
877 5920
1969 3841
2454 3785
643 4737
6711 7189
609 2918
2554 8353
120 7386
1026 3955
5271 6168
1300 1781
2727 8118
2052 6114
919 5671
203 1317
7614 7685
928 5089
1536 4639
974 7927
1092 7023
5500 6715
2848 6724
441 3910
1287 2596
3007 5607
3526 7156
6454 7840
233 3120
1896 4100
4191 6254
2012 5263
450 7127
861 7075
2841 4820
5363 7718
5874 8053
3020 7918
2156 6585
924 4380
4857 8884
2892 5992
1080 3851
169 407
2783 6689
2825 2989
2985 7544
3204 3681
2551 4682
671 7228
1672 4838
7043 8313
6841 8685
3374 8593
1116 8019
6897 7194
1429 3679
517 6227
5470 5928
5926 8463
1157 1853
1132 8344
1081 6320
4019 6013
1474 6406
5819 5998
265 6893
1426 3348
2050 6793
1001 2504
1484 7016
7468 7793
619 2164
1453 2403
1738 4188
1341 6304
4515 5314
2050 7293
1813 6214
1285 4499
1572 8081
21 5884
3278 7353
6117 8142
1660 3610
3732 7511
1907 3077
2464 5822
2567 7462
708 5980
961 6105
173 5610
5030 8518
3161 5063
719 2011
1953 6666
4114 8172
7041 7357
5745 5858
2717 7115
3533 5626
2730 6144
4659 5835
5608 6260
3036 5560
4390 5001
140 3075
3102 7380
218 1872
3359 4147
7938 8190
4470 5926
3099 6185
1662 8835
236 8582
3581 6190
4465 7126
2697 2966
418 2808
149 4674
5432 8162
697 4119
35 1364
5532 5624
6801 7154
669 7109
1074 4462
3343 5239
738 7601
103 6265
7899 8742
2684 2765
498 7177
264 402
5211 7155
1340 2419
1284 4119
2739 7515
7556 8173
2174 5590
1676 4276
2898 7032
1006 8072
380 1616
3582 4255
5297 5779
422 3381
4142 5247
1122 4577
3832 6851
1134 3653
143 8534
1964 7420
5689 5786
4108 6923
912 3252
754 1173
3423 5399
5835 7476
5230 6859
3183 4345
3524 7842
6102 7221
2968 7587
5563 6868
639 4225
13 8110
4889 7457
1539 4139
2187 5071
662 3991
3940 8788
5163 7578
2809 6357
294 7244
859 5145
3205 8431
2461 7579
2189 5032
3835 6349
3896 5659
3346 4468
5555 8701
731 4431
851 5316
1815 5457
5277 5444
3307 3669
4569 7518
2325 5577
4627 5134
2125 6557
1413 4360
3218 5580
1386 1599
1300 6812
4193 5957
1424 3134
617 1052
1401 4582
1241 6819
2183 6079
7675 8067
2051 5826
1770 6392
2840 8157
3176 4515
397 5752
4930 8450
2057 5435
1991 7993
574 7129
4754 5732
6074 6229
2309 5364
6792 6879
913 2434
624 2901
5435 7305
6219 6351
6634 6773
1291 5982
1652 1988
113 8489
3480 4732
5436 7219
1152 1998
2482 5503
485 3804
738 7565
5432 6594
2407 7801
5861 8030
737 8787
1583 2981
4186 7198
168 7493
4654 7115
3178 6887
4056 6092
7007 8612
1974 6901
1907 3088
3700 5378
1140 8449
2368 6113
3240 3340
5 2099
610 4020
289 3757
6683 8256
3638 6442
742 774
4607 6782
6210 6587
5020 5400
2302 8678
1036 2969
5376 8136
2820 3442
112 1456
3579 7594
2537 4004
3597 4906
5986 7546
2674 3213
6372 7386
1279 6682
1116 7610
2662 4360
7039 7075
2355 6661
7475 7913
5825 7684
7099 8035
304 6789
445 2567
6311 6802
2509 2540
1795 3051
91 6132
3366 8133
6552 7468
4621 8206
371 3842
5164 5649
247 5134
6244 7527
2265 7994
5617 8029
110 7070
2677 3695
7429 7825
1461 7372
2359 6397
4244 7223
49 1968
3613 6039
4402 7567
5420 7059
1671 5132
36 7112
3079 3299
4967 6502
1795 8673
3152 6680
6705 7577
2551 2941
1582 6971
1851 5645
2328 3304
519 7239
7297 8789
840 3981
2131 3571
5102 5407
7485 7947
894 944
253 5291
3314 7642
2339 4056
7571 8190
1748 4846
3331 7697
4738 7201
2469 4542
3841 8186
3512 6673
1057 3630
137 1387
373 2711
7070 8661
1875 7529
5045 6022
2817 5495
336 4492
4745 5187
2292 6072
2476 5411
1372 5462
7241 8422
431 3895
2859 7212
1035 8362
734 4910
782 3381
240 2082
3927 5356
4047 8410
2681 7546
5569 6184
3145 4076
4039 7133
4695 6699
5189 8120
5368 6423
4472 4914
1443 6851
5463 7428
4815 8798
3025 7717
4013 6181
8843 8855
1101 1332
4127 5650
2332 6458
33 1300
2709 5825
201 3979
5049 7515
1017 5236
793 7638
530 4654
2491 7338
1747 2090
1303 3588
669 2228
1642 3133
2038 4082
188 916
88 3296
3035 6478
1004 5469
4602 6503
5178 8139
4112 7257
6906 7254
2651 6529
3585 8567
576 2021
623 6681
4947 7728
517 7402
1712 4629
3692 4445
6667 8173
593 8626
987 8455
3521 7028
1402 6252
3649 6677
789 7555
1733 8519
743 5838
4533 8364
1769 5638
3576 6496
1773 6905
3198 7966
3617 7146
4451 8443
1242 4975
2493 7137
2466 6218
895 1399
689 1261
3901 4294
7843 8680
2264 3633
2442 3954
3477 4687
4450 8080
2003 5644
565 5300
2541 8255
7588 8705
2092 5127
692 8646
3650 6150
1086 3957
4406 6791
3210 3494
1909 4276
6164 7950
3838 6093
1309 3448
2464 3704
4608 6839
1838 4922
2205 4921
1850 7214
3187 8435
2781 5543
4175 4855
3166 7666
5581 7759
3519 7802
7171 8399
493 5892
2702 5370
1406 5859
2386 6687
3728 8903
535 5461
3158 4659
1057 6370
1172 2295
236 4354
492 1407
3219 7893
2735 4745
254 3952
1281 5025
5313 6910
689 5530
5194 6056
1249 3189
1388 7701
449 916
2226 4805
966 7340
1410 8875
2876 4479
7419 8027
1423 4498
4205 5906
1104 5136
1216 6133
2415 6996
2878 6357
3341 4325
5904 6599
3099 7184
7232 7373
7238 7260
3871 5525
103 8465
2726 3208
7260 8351
1330 5716
2484 4541
261 2890
3253 8422
2415 8499
5623 8210
92 5547
6262 8175
492 7221
2210 2834
472 1346
5476 6938
4045 7193
2727 6746
2314 5064
2051 2136
4796 5718
7377 8615
4504 7149
7653 8379
1840 2753
655 3462
3181 7704
2257 2880
573 1008
5432 8677
91 7021
1749 4673
674 5408
720 5164
2854 3577
1610 6359
103 8560
3263 5071
2442 8381
5023 7509
1862 4436
1531 7472
2920 3791
2751 4279
3578 4482
1095 4357
634 2741
5756 6841
1855 2525
4155 7469
3006 5776
418 5099
741 964
1409 4793
1295 4510
2645 8494
2654 3324
3838 7757
906 7188
4716 5803
3302 7218
2681 8524
948 3478
3290 7815
3908 5530
3697 8275
4614 8012
1127 7292
2976 8312
2190 2696
860 7607
1142 4388
8581 8787
1721 8342
3498 7432
2237 7989
2392 4544
3812 7863
494 7244
3224 4726
5804 8035
583 7802
171 3555
1527 8821
5209 5766
2727 6036
1624 7668
7728 8808
5268 5893
4286 8227
817 3294
4670 8649
2069 3722
1102 2095
2248 6911
713 7278
1656 7641
2725 8465
6114 8106
2329 5482
1212 1685
1229 2854
695 1334
3649 8636
1860 6001
1334 6706
1139 2302
5933 7514
5631 8555
4001 6611
5640 6950
2884 6118
3048 4816
2894 6571
4729 6547
1520 3742
656 4395
1537 1628
4114 8345
3196 7491
4404 4517
1982 7631
1097 4850
2196 3796
3466 5967
3774 6022
4530 5411
1429 3930
3265 4480
1686 4119
3705 5076
7157 8769
1956 6499
4435 4900
7876 8173
4329 6521
1299 7854
1414 2888
3444 5867
6433 6670
8123 8423
3928 8784
4783 6209
3548 7040
3084 8195
2413 2988
3414 3843
6688 8743
1273 2806
1663 2184
930 8849
828 1112
3954 7653
2644 3928
2403 5538
7933 8727
1459 2717
5746 8310
1369 1438
1895 8688
2303 3342
4401 6653
1974 8891
2550 3678
1603 1619
2535 7273
2213 5134
6539 7383
2383 2794
1072 4113
3816 5821
5694 8353
4557 7160
794 2945
2736 4992
3053 5609
2488 4910
1077 7805
2224 8444
4828 4965
3 6876
4696 6055
854 6100
1057 1738
1330 6411
4222 6303
5453 6466
441 7214
3531 7910
2915 6330
3094 4549
7104 8013
3508 5138
3107 6501
1438 3443
4099 8847
474 4267
806 1867
6115 8869
835 5354
3192 7846
346 915
6 1931
6131 8068
1037 6813
1071 2535
2249 3428
3631 8763
7308 7947
360 681
697 1371
5404 5993
4460 5304
4291 5148
356 5455
2935 3847
8219 8549
5252 6059
2826 8748
3747 6873
4741 7704
6587 6878
35 3467
4836 5626
543 1392
2816 6579
1552 8583
2937 6270
4664 5033
4616 5223
8157 8342
4629 5498
3033 4643
664 693
5586 6214
1821 2430
6045 7104
527 1942
3999 5313
488 4099
3301 5319
1182 3744
1665 3488
2037 2356
704 3346
2164 3115
3725 4061
3069 8684
5885 8348
2859 4342
4492 6911
6644 7148
1950 3118
3178 3631
534 7034
2140 2471
4038 6680
2701 5029
731 6230
2330 4709
921 1690
54 3601
1124 4713
4507 7062
1625 7564
5920 7689
777 6757
4034 7018
2051 7233
1535 7337
5568 8116
921 4575
4208 8485
3302 7079
5912 7333
2613 5154
340 2287
3320 8579
283 5565
4044 7187
3383 7757
5461 7445
3899 8239
613 3358
1370 4925
6930 7728
3597 5801
371 3154
257 2967
3081 3843
2531 7351
3520 7841
4641 8053
5530 7691
2237 6146
702 7851
1229 6894
2602 3315
7716 8275
6128 8008
3712 7647
4154 6378
5640 6540
5956 7513
430 4823
584 5255
1540 7538
3169 5269
5329 7805
422 8146
247 2458
723 6523
81 420
2748 3817
5794 7446
7493 8275
1817 4761
6379 6391
4463 7104
1604 6533
2764 3504
5834 8478
2048 4780
2259 2886
1729 4818
4522 6051
5128 5132
2362 5751
3607 7600
6815 8396
1395 2844
2727 7889
1964 8746
1740 6017
526 2074
1876 3055
6235 8170
5238 5587
2114 5603
2999 6483
3819 5804
4169 8806
103 1169
3600 4079
4661 6996
1480 5040
4151 7885
1252 8736
896 7587
681 1768
3093 4411
5211 8249
2317 3234
4712 5414
527 5592
158 3465
4050 4954
2298 2989
3171 6482
949 7169
1629 1764
2445 3837
4722 6822
3482 7215
453 7017
2340 7425
3324 8640
2045 5173
6300 8316
2033 7873
1465 3513
1098 2472
2284 4998
1478 2086
1299 7741
1508 7505
1265 7712
622 5029
5760 7318
6038 7449
3338 5926
2675 6586
2651 5306
406 3067
1102 4705
2081 7813
263 3256
3378 8059
5735 6817
5631 7144
7354 8108
1167 5180
4249 7902
418 673
7386 8220
1389 2670
1734 4129
1941 7942
1286 8429
4514 8178
5177 8239
394 7173
5677 7097
5868 8834
106 3799
3579 7325
4111 8605
3917 4808
1959 4132
776 8840
4331 6558
622 2160
4006 7452
1200 1986
5348 8147
1649 4846
6726 7075
2246 7829
5152 6514
3903 4573
1071 7308
954 1653
952 7054
3306 8121
3196 7877
758 6375
4144 6967
2925 6839
7505 8025
2585 8474
4686 6810
4062 7222
4259 6020
1167 5127
6226 6417
2322 8157
3991 8732
909 6588
3876 8637
2848 3758
659 6263
4070 4124
6376 8739
2741 7195
5216 8627
7145 7759
3181 5358
5388 7818
1902 5782
5287 8525
575 3199
865 6090
3844 8638
2025 7859
1832 6493
1589 7930
211 6279
100 4444
2782 5897
3077 8793
2009 8828
511 3554
2459 7202
3742 5449
1849 4659
997 4333
2362 4711
8073 8297
5801 7076
6988 7991
1695 4228
6898 8249
635 7260
247 4252
69 5043
254 8093
689 8740
954 2828
2663 8077
2555 5325
5186 7910
1689 6767
1319 2924
4225 7282
200 3777
1783 7800
31 8715
612 1444
971 1333
115 7461
1168 1244
6077 8262
4175 6857
1635 7064
3785 8314
2289 5402
247 5278
2005 7225
2622 4269
4361 5290
1004 3325
1062 8212
6694 7767
7078 7153
778 1767
7664 8181
3189 6238
1786 3600
7501 8341
3262 4717
1958 6619
7697 7891
2203 7767
3516 4585
7359 7661
3243 4869
1795 3556
526 4103
5332 5371
4542 4859
441 5757
2565 3784
2107 8082
6664 7566
3178 7112
2611 8708
2935 7770
7218 7469
5408 6853
4656 4698
2574 4612
65 7505
793 1254
7572 7894
6513 7920
3819 5051
2722 8445
1283 4137
368 3594
2340 4518
2129 7948
6926 7214
4912 4946
3385 8870
4946 5089
1832 8348
7000 8194
1990 5535
3766 7028
3081 5412
3457 5236
909 983
742 1695
2247 5557
2522 4445
2019 8236
770 6456
1326 4434
1065 1956
7677 7785
3616 6494
1733 6527
6032 8513
8036 8836
354 3133
3487 7294
4587 5645
829 6067
195 5952
810 8591
4006 8108
6159 7202
6180 8621
1618 8840
724 5295
4257 6968
8701 8889
3639 8754
6438 8663
3202 4275
1027 6128
5149 8352
3296 8062
845 5522
2839 8754
313 492
6512 6708
197 8152
776 4692
3311 5897
7954 8300
7668 8831
1292 2899
4170 8194
2066 5425
1746 3029
1755 2403
714 5770
1497 8426
616 2795
1966 3919
676 8678
6636 7121
3268 4934
1338 3158
91 5283
6186 8780
6637 6739
21 2468
665 3980
2608 7291
3940 6577
6966 8640
6372 7803
784 2288
1272 4014
3901 4415
4671 5962
1167 5295
6486 8064
2556 5836
3334 6540
5277 7004
4468 4956
3027 4053
922 4438
3096 4163
227 6514
3144 8223
664 5292
4782 5545
1852 4989
2931 8570
4704 7120
108 1637
4413 8135
3267 6859
403 4011
70 5429
63 8131
3681 7907
1835 5640
1031 6199
3652 8257
1450 6157
2469 4055
4399 7610
2058 3064
608 6168
1358 7192
6515 7314
4262 6069
887 3433
1648 1937
160 5379
5370 7546
1093 7917
3092 7132
2201 7565
2803 8381
5891 8643
933 4819
1900 5996
380 689
3193 3305
2896 7805
2567 5976
942 2829
2351 8889
6237 7733
197 3513
6921 7889
2444 7535
1969 7296
1392 7279
222 5524
4759 7281
1080 7310
2234 3922
5702 7655
3563 7529
407 7319
1113 8701
2453 8320
5343 6214
55 2812
607 2917
3194 6266
2364 7467
7908 8689
1789 4748
355 2493
315 5330
2807 6888
2489 8582
3858 8538
1182 1307
5411 8595
784 6935
1094 6052
5583 7547
877 5892
5053 7921
4561 8884
379 6460
4862 5629
5821 8357
634 8119
356 1424
1513 3485
1877 3414
2437 5657
5325 8581
4501 6638
4475 5583
2994 8314
5771 6697
1657 5367
1299 4077
6480 8502
3564 8521
2049 3663
1577 8457
1358 1948
5144 8128
5490 5553
2664 3839
3205 8022
4646 5300
2377 8706
3556 7189
5007 5548
975 5517
6151 6431
2607 5976
1984 3413
2086 4678
510 6651
4099 7408
2579 8881
666 7863
3362 4126
1171 4997
6606 7345
6535 7244
2482 6803
5403 5782
1720 8246
650 8392
2940 4046
2054 2788
1034 4014
2462 2710
1468 7857
4217 8495
4947 7003
425 3250
2072 8881
1103 2834
1434 3207
3539 6309
7045 7152
5799 8788
6526 7782
117 8744
6617 8259
1489 8548
358 4694
3790 7497
3648 8662
675 2700
2688 2879
1507 5568
640 7671
3719 5285
1651 3098
4287 6531
3111 7098
7181 8155
6049 7625
2363 5022
8337 8451
2749 5802
829 1311
2304 6441
186 7889
4462 5776
965 8056
4862 7407
8059 8125
188 7910
785 1720
655 4492
3135 4420
1882 6195
428 6267
278 6353
4061 6910
43 2015
3812 6906
7160 8817
4277 6118
211 3248
153 2086
6665 8376
1131 7020
4213 4415
600 8116
5526 8484
5757 5878
628 3983
374 3019
1544 8265
3312 7043
2313 4858
5663 7441
1778 6915
1765 2121
6144 7116
83 5955
5734 7239
2201 6158
889 4762
4534 6117
1546 8174
7058 7307
1680 7627
4084 5068
2164 4676
4091 4788
4547 7429
2244 7179
2274 7506
2213 5434
6002 8595
6696 8082
6837 7226
3103 8453
1337 5359
2413 4633
6233 7414
3530 7361
4531 6266
2327 5799
949 1853
2280 6499
7308 8359
2302 7318
1118 7230
7363 8218
143 4591
844 8525
2957 6841
788 3281
3551 7963
922 4911
7059 8374
2140 3488
4419 4976
1063 7514
5346 6078
1300 8626
4274 4518
50 1878
2401 5325
7030 7257
7306 7321
1385 8822
1949 3271
888 4785
4488 6766
5297 6356
35 5352
289 5207
1823 3770
5950 8241
3917 4698
3389 6820
6035 8579
2847 3613
3502 3536
3924 7481
3647 4769
8313 8864
6999 7406
2975 5053
1030 6794
1262 6470
5177 7648
2159 2880
1235 4062
475 5149
4602 6101
752 773
4808 6262
251 6817
554 731
2719 6330
4313 6389
1610 4792
828 6167
1838 6669
3262 3645
5552 7089
72 6892
4094 6538
128 8354
447 1624
1690 5174
4512 6304
6754 7476
5610 6487
1755 3072
426 8548
1527 6677
2167 4943
4110 7401
148 7013
2060 2205
3184 8183
3567 7565
1313 1901
1129 1959
303 3995
4026 5242
4503 7225
3686 4104
543 3786
7350 7674
3986 8511
486 4453
3462 5513
2150 5069
3282 3901
86 2102
180 3992
2008 6208
4011 8747
354 8491
1333 3397
5200 5399
1218 8217
3683 8359
7180 8072
2294 8204
876 6313
4796 6862
2404 3049
4652 7886
486 3178
190 267
433 3609
3648 6657
68 7486
5354 7357
3868 8603
5261 8699
3895 7519
6641 7852
6338 8515
7565 8145
3973 8649
2033 6607
103 730
5765 7482
1397 4100
784 8430
4061 7103
6179 7228
2691 5947
262 3211
2273 4808
4407 7833
512 6166
2894 5102
1766 2015
2628 3968
4877 6050
404 2362
360 4104
1314 6881
337 7831
1784 2270
1876 5926
289 7243
302 7734
1958 4402
687 6963
1215 3802
786 4856
2520 8457
1704 8803
375 6203
3526 6188
7180 7812
1092 7115
965 3357
3061 4716
4622 6893
2012 4413
1903 2684
872 7078
1362 7409
2603 8143
2864 7125
6280 6350
6193 6615
2028 3519
4598 7421
222 5118
1179 1931
1248 2989
938 6468
5426 6790
5365 7406
617 5429
215 8608
3108 7845
4024 4159
3059 8309
5324 5494
433 4180
5902 6426
4735 6563
421 1599
357 3178
2352 3912
299 2037
164 7568
3713 8882
3261 6554
2731 2998
1022 5652
2404 3809
3403 7057
4724 5568
3205 8763
5678 7382
1545 5988
1599 3935
3417 7314
317 6529
3910 4777
812 8688
8416 8891
4420 8758
6190 8003
1119 1383
492 4314
3137 7776
4442 7855
2114 3104
1843 8579
3406 5577
5942 6248
6223 7681
4528 5730
59 8733
5777 7610
2750 7004
190 2608
2283 3014
4768 7441
6178 7363
4442 5832
1316 3614
623 4817
6397 8517
4992 8764
1479 8161
3327 7916
907 3177
2963 5236
4445 5724
3810 4663
995 4951
500 5645
1290 4947
3013 4135
1511 8407
3308 6794
4013 5700
3800 6215
3530 7629
2202 3212
1978 7267
6075 7740
2730 4309
1974 5623
793 8301
3293 8105
3098 5441
7257 8165
6277 6490
6969 8270
3798 8497
98 6165
3373 5929
4991 7405
1278 2168
1947 8428
1907 1930
119 5370
805 6432
4337 6552
69 8817
743 8385
463 4029
7317 7586
5960 5992
4088 4559
3365 7180
7869 8145
1260 7998
5758 6816
763 1980
257 6423
6848 8474
1293 5656
5266 6891
577 3487
4427 8037
320 6624
3964 5085
379 5590
1727 7918
2417 4301
8468 8839
526 7418
425 3735
2373 5722
580 3545
601 7475
2339 2958
577 4561
2770 7699
4815 8067
4768 7086
3023 6202
4669 5979
1668 8886
5803 8002
4015 8161
416 7876
3942 4438
1749 3034
3072 8849
1495 1563
5953 6618
2905 6372
3374 4088
5002 5349
2799 8385
5812 8576
1512 2569
714 973
3339 6540
309 6127
1934 4108
6871 8784
2055 8193
4075 5620
2393 4093
153 1115
5030 6221
6013 7888
1945 6090
6103 8352
5423 8203
2327 5593
7743 8341
5793 7816
638 1869
2969 3913
4120 6767
703 7308
995 7884
2615 7437
6975 7049
3664 4882
6118 8090
236 1414
1744 6542
636 1953
7481 7941
1148 1907
6787 6895
5970 7077
1865 2186
437 5492
3069 4706
197 3405
2924 4239
364 8556
8856 8870
1160 7056
3189 8889
1006 8569
633 2879
1595 3808
1620 8782
3977 5665
805 4651
2509 4930
2829 5797
5724 8200
6190 6838
2192 4255
3724 8825
4098 7819
2435 3592
4999 5257
796 6618
2204 7062
5098 6771
2700 5694
43 3293
2601 6319
3482 4585
4659 8081
840 3976
8422 8428
3477 7165
5541 5817
1257 8170
328 2627
655 7201
1367 8189
2123 3461
4509 4695
2015 3760
1590 8000
7122 8120
3607 5892
3867 4349
3711 8563
2590 7078
6767 8823
420 8613
404 1743
160 8126
6527 7006
6310 8870
449 8841
5799 7892
1192 1938
8220 8539
585 889
5590 7019
3199 6451
2262 4246
6504 8027
498 2216
1303 7003
7675 8046
157 1984
3304 7024
3151 5508
3078 8749
2366 5665
2796 8049
1024 5605
871 2684
2771 6107
5067 6043
5529 7849
8422 8817
5764 8174
3548 6552
1373 6358
5175 6882
3474 8072
6906 7488
5901 8512
1225 5601
2149 8691
997 5762
2113 6832
4289 4719
1218 5817
2687 4594
1530 5276
2699 5436
2744 3079
5032 5853
775 7187
186 3963
3803 7424
2750 3482
1529 4999
575 2119
712 1160
3319 8621
3984 5888
4567 4637
187 2510
862 1916
4952 8617
4964 6368
1398 7558
191 4551
2901 4460
965 8334
5098 6077
1246 3400
1931 3738
3709 7674
4156 8627
5142 5226
114 3315
1959 1985
2085 7168
4870 5354
3003 4727
4247 4400
2959 8516
655 2884
1220 8832
1632 8158
7623 7939
6311 6806
5514 6943
1331 5037
677 2213
6463 7144
525 5008
4969 5729
2000 7472
3130 5873
3891 6226
80 7361
8390 8420
2071 2619
732 6956
406 1447
4434 4552
2361 8589
1479 2728
202 6461
6162 6372
5330 7601
3444 7329
2963 6945
2948 5315
1599 7375
2972 4912
565 4278
3608 7019
5403 6367
268 2834
1099 1179
603 3556
2394 7774
905 4045
3819 5817
1072 4471
692 4051
4820 8879
156 6744
1970 8036
3235 7248
142 7354
97 2916
1125 3417
4504 6431
232 8043
3047 5115
1270 8424
2210 8763
832 8344
5643 8164
4220 5197
623 7743
5252 8089
701 6583
2233 4087
3311 3754
3312 6408
568 2523
2116 3154
3623 5129
2387 4481
7685 8518
1172 8685
6154 6911
3388 7316
1004 5205
2380 6794
2830 7792
1909 6927
5591 6958
383 1920
3445 8304
1176 8271
1308 4510
1767 8854
4532 5391
3360 5680
1094 1956
6685 8213
2020 5824
1166 7482
60 6063
1283 1846
6906 8881
1087 6619
2371 2372
1676 2515
5410 5500
7282 8884
3109 6294
291 1004
713 4183
3369 6660
3139 3601
350 5545
2885 2969
1496 4405
2729 4263
415 5539
617 1600
6220 8416
3047 7050
3488 8368
3080 4448
439 3726
6135 8074
5776 7107
895 2915
3682 7886
5047 8731
3448 4659
1055 8653
6815 8448
2700 3565
3629 4986
1462 6931
8177 8669
1718 7686
374 3723
1063 8378
4012 7692
2568 4206
5180 7702
1519 4416
5109 7491
960 3701
1153 3012
2588 6630
2621 3047
64 1610
1686 6106
1578 7230
2576 3014
8538 8543
5467 6654
7078 8378
4516 6810
264 1048
1345 7492
1810 1937
5536 8611
6431 6714
2685 8184
3445 3558
2579 5581
3002 4193
7380 8101
536 6984
1945 8717
390 823
2166 3564
3669 6990
562 8864
977 7266
612 2525
1456 7201
7446 8776
1141 6830
4638 4842
858 2853
3414 5520
876 2616
407 7156
2791 6604
6078 7164
119 4197
395 5370
253 4839
2106 4482
2992 5130
303 6002
3132 4416
1662 5009
1774 3154
927 2939
2078 4978
1362 3891
943 1259
4869 5392
6916 7330
6504 8274
408 8098
226 5078
555 5460
4044 7010
684 8614
4084 7100
4162 7476
623 2530
3283 6339
5402 6069
1550 8660
4479 6147
2005 5403
162 4891
600 3519
1837 3914
2661 8526
1697 6695
2631 5775
443 2457
6403 7033
383 2746
5757 6097
258 3569
1763 4416
4339 7443
6498 7341
911 1982
4047 8685
756 1783
1624 6209
4605 4650
2022 4393
5098 8265
435 8482
6889 8310
5568 7672
1270 8606
1327 4546
3112 7381
2521 6657
71 8081
7706 8369
386 6965
2225 8534
5267 8021
7058 8255
1077 6253
1541 8103
769 3518
439 3124
625 4028
3048 5457
6864 8554
1915 4892
1343 2042
4260 5066
1280 1443
29 4075
5583 5885
3702 5440
372 897
3197 5148
4780 8889
451 7036
1686 5843
826 3239
3854 5798
4993 6250
6320 8139
1532 8240
5196 6145
6402 6705
4372 4405
742 6465
437 8518
4134 5198
7239 8510
4610 8476
5712 7964
4300 8721
1312 5757
184 6054
4011 6562
4679 7951
611 2471
3276 4289
6625 7675
2693 4336
4243 5172
484 7735
3230 4834
7402 7419
1784 6400
2302 3600
526 1436
7056 8088
5265 5954
2458 5415
4330 5850
1469 1515
3595 6346
2127 3188
64 5626
1533 4254
5163 5716
4160 5218
3007 8598
1226 5369
3110 7111
3040 6354
6467 6552
5557 6684
2073 4289
480 6767
271 7090
2317 5303
243 1061
1870 8791
3944 7066
1102 6644
3250 3734
2746 4649
1174 2858
4814 6339
60 1293
1299 7016
6250 8883
767 8284
2866 3930
4250 6019
6068 7339
1351 3513
4449 8709
2731 4697
3600 7509
1964 7532
3217 5959
1039 6341
1369 8252
2868 5660
7636 8468
3517 5391
6140 7330
1988 3982
1033 5433
1293 3548
835 2362
238 2819
3468 6351
1787 3299
3204 7886
3018 5409
730 6239
614 621
6571 8704
1145 4822
3550 6240
3096 8244
5880 8775
3521 8900
5879 6545
1107 4492
4348 8788
747 6928
2546 7197
1094 1507
1375 2849
1227 8813
1522 3164
3821 7739
8125 8401
3101 7521
1777 5705
194 8844
5 2724
2319 7301
7596 8395
750 5400
98 5554
433 3073
727 2201
1169 3707
7147 8284
1586 3288
7409 8775
1024 5075
919 6698
4816 5807
3805 7932
3132 3529
1769 3259
5053 5588
7370 8024
3681 8216
3150 8109
4487 4710
5367 5568
378 2130
122 3155
786 3423
1537 3557
1375 2530
6061 6885
3085 4901
1448 2786
3115 7773
7796 8079
1101 8211
1904 8755
6592 7713
761 8693
282 4525
1308 2332
2162 4079
2633 5626
329 3217
557 1083
509 1836
2218 7767
289 3083
3088 7054
1364 8259
870 7582
7343 8085
5535 7971
2734 7735
140 1097
3024 3827
6620 6746
1373 1847
3271 8065
1699 4216
6117 7490
2684 3068
2345 7036
5345 8431
3456 7828
1723 3645
3509 7115
3569 5317
5603 8403
2659 7567
6330 8532
3086 6425
2292 5985
2653 3627
4253 6864
1204 2231
3995 6292
4156 6341
2086 4314
3281 7231
1045 7397
4804 6514
1576 7363
1123 1157
802 5643
5324 6167
1951 4992
6882 7628
2227 4425
256 5409
4138 5791
2490 3364
1513 5846
4258 7719
39 1267
4128 4477
2699 8234
1867 8321
4516 6146
2628 5745
2590 7389
7369 8789
2514 5364
5545 6111
2306 3476
3006 4044
3137 5711
4806 7891
1568 3427
5148 7973
3330 8874
4770 5776
2846 4745
3074 6192
292 1415
2238 4120
4934 5153
6138 8537
4274 8595
2992 4807
2605 6560
2683 5750
5077 5154
2036 4215
7612 7814
5252 7554
2353 6161
2807 7565
1018 3206
6423 7794
769 2203
131 5895
2583 7155
2518 7646
3481 7440
3589 5089
5440 6277
339 1799
4990 6387
5795 7738
1128 7216
226 4601
500 3199
3500 7228
6446 8568
4692 5318
4632 8134
3127 7246
1186 7452
518 5271
8325 8465
436 5217
1333 7899
4716 6485
2608 3622
2314 6613
2427 5357
1842 8015
6735 7060
2297 6445
550 8474
13 5814
5122 7518
1716 8662
4288 5264
4499 6634
3028 5829
73 3220
740 847
3087 5738
2279 2606
2187 3739
1385 3404
3290 6503
633 4261
682 6349
838 1573
3131 7725
800 7624
746 2339
5002 8045
2413 8015
53 3119
493 1763
5235 5915
498 6675
2368 2776
2603 7889
105 3974
932 3389
492 1055
6070 7911
3318 6893
5520 6332
2463 7922
2903 6385
4603 6389
6855 8119
6735 6960
1789 3725
4768 7945
2769 8775
6581 7723
271 6078
3807 6142
1165 1936
4061 5692
1173 2737
2111 3460
2574 2921
2401 7305
4061 4547
1310 2116
2931 3922
5044 5411
718 3215
1065 1559
456 6793
6144 6339
365 5577
397 2932
1393 4537
669 2088
2857 4313
3741 7843
1211 3449
1198 1706
2970 3045
6446 8566
5547 6831
5233 6861
3617 6649
2460 3176
1461 5987
4169 8620
1312 6395
6559 7720
323 856
2583 7705
6814 8550
3594 7223
8068 8489
4056 7601
1018 3361
411 8813
6600 7633
480 1598
87 6350
510 3009
1080 6339
2843 3468
1714 3262
2056 8870
412 5568
1440 5489
1684 4537
721 3728
2861 4120
4935 6882
1309 8267
1474 7704
3655 8685
5691 7958
4772 5831
1007 4185
7447 8855
1160 1643
435 2150
201 498
4287 8225
914 8270
2782 5065
328 3869
1929 8364
5120 6299
2031 4588
5506 6981
4208 4669
1867 5150
4170 7265
3040 4950
1085 2133
2286 6851
718 890
1050 7916
2109 6633
5324 8041
5432 5847
5989 7301
6897 8329
3379 5113
1600 4128
5602 8626
4725 4787
187 2349
540 5009
6277 6596
3593 7422
3631 8251
360 854
409 1777
4833 5557
3292 8141
1691 7523
1124 8630
1253 7724
5631 8010
47 3095
7376 7978
5724 7751
3183 7650
718 1239
2677 7110
9 4048
5897 7303
2966 5518
4282 8368
631 5374
920 3937
2930 8849
3892 8507
2220 4761
3392 3978
2900 8266
2135 6614
194 228
6400 6446
36 285
3514 7811
771 8874
3240 6489
3627 4078
2215 8573
4350 5522
1350 2856
2590 8322
214 2213
3077 6884
2996 3088
1088 6074
5276 6503
1961 5008
5316 8537
5998 6517
298 7075
1780 8200
5484 7112
3065 8247
507 2915
2455 2585
190 5307
1945 5895
6426 8870
2986 8775
4323 8688
250 8506
2980 7115
1614 4968
2430 4878
1251 8068
5389 5998
2386 6262
3006 4036
1163 3552
4927 5325
4403 6224
8220 8738
1375 4976
4384 7961
4522 6249
1321 3274
3459 8446
1741 4710
4751 6429
4104 7088
818 7058
2428 5690
6536 7128
355 6086
7173 7526
569 989
279 3088
858 8110
394 7949
5614 8632
159 3007
1441 2539
585 4901
726 3916
1466 5195
2820 8290
7951 8867
3744 4346
2104 2986
1292 6124
2651 4826
364 8192
891 2684
2103 2421
873 1417
2414 5673
5403 5688
103 3114
1889 7804
1593 6195
576 8837
3428 8554
3226 5001
1758 6316
5949 8199
503 3004
986 6918
322 7804
568 2316
2708 3972
229 5273
5671 5979
1984 6767
2120 6821
4105 8249
47 5264
878 5506
222 4610
5240 5744
1594 8197
7595 8470
6231 7464
8316 8391
617 8040
1002 4967
102 7248
6111 6725
557 3772
7652 7862
5605 7738
4297 6814
2314 7971
6057 7585
661 5243
2009 4135
396 3233
2580 5423
3296 8493
1740 1977
4386 7609
173 6037
825 1414
2114 2886
5436 6817
2133 7598
2252 5527
4436 5983
2124 4489
1146 6265
2410 7533
5926 5999
6207 8658
2830 7075
4089 6535
3432 7185
3290 5295
5121 6752
764 5339
1626 4495
4071 7159
1301 3147
1579 7053
5442 6894
3205 6262
3284 5464
4887 5795
2006 5404
3861 4655
1619 5895
1334 8049
2692 8543
1184 8334
348 1720
1952 5054
2293 3634
2250 8447
4756 8269
1459 7551
4819 8126
3144 4699
8023 8811
895 6573
2961 7553
2675 8155
3197 6915
5604 6645
1651 1698
2727 8881
4187 4295
1100 6699
6584 7988
6521 7870
470 8356
889 7392
3892 5497
4082 4755
1932 4542
1111 3127
308 8854
1215 3849
4944 7966
5660 6747
5813 6274
514 8817
3346 7268
1222 8450
1907 4343
2131 4061
4006 5309
277 8280
1190 6574
3510 7654
4284 8465
205 2663
654 7784
1415 4287
103 8175
1000 7215
2558 5298
3521 8283
5986 8855
5359 5374
5781 7896
3466 8242
3998 4284
2264 5743
6622 7121
2912 4072
4538 8412
3325 5558
2593 4726
4316 5778
1080 5294
2731 8691
5419 6393
207 2583
1150 2449
1779 2880
2536 8208
3426 3731
1272 7767
1729 3805
1112 5337
3019 8140
461 4125
3642 5082
390 2021
1339 8687
4085 8695
91 7396
3039 4628
2269 3262
2365 7762
313 1275
5597 8669
351 1110
2890 6407
6689 7767
512 8672
1640 3440
1397 3684
2849 4182
243 8204
3911 4520
4980 8808
2209 3250
2343 5459
3395 7355
1811 3040
2977 4857
1592 3663
1801 2423
309 3045
5620 7409
556 7709
1041 5112
6251 6860
2579 5295
811 2656
7770 7868
38 6863
2625 8741
7772 8414
3796 7484
3570 6974
86 5459
5849 8807
2207 4349
7530 8226
4644 6151
834 3017
6780 8867
2832 5939
6393 8795
4886 8595
2983 6988
5585 5785
4125 8645
7062 8021
2177 5326
799 1080
1368 3811
3564 3664
910 8866
2563 4811
3746 6484
2302 4808
1137 7340
953 7352
3777 4022
1630 3422
7125 7873
5565 6082
4708 6337
4231 7574
3238 7828
296 5190
2652 6488
423 7584
3932 4688
1096 7289
3123 3171
549 8354
1068 7714
6197 6859
2124 6008
3870 7151
1437 7074
101 2976
557 4154
6713 8767
497 1340
1375 2053
8072 8663
3231 4306
2016 7007
6203 8851
3255 8215
1962 7612
1347 3719
1570 5505
2750 3372
1085 1501
2640 5093
4354 4406
1092 6234
1385 7724
2865 5401
4062 5611
6464 7774
1720 4808
2683 5477
2382 5301
3881 5348
697 1044
2366 4242
4966 5169
6252 8375
6576 8789
6172 8903
3138 5536
532 3287
2818 4951
1690 6135
6780 6819
655 6707
3566 6733
1151 6350
3996 7810
4420 8117
5944 7048
2955 6574
896 4791
6414 7737
190 7623
1165 4974
4585 6084
5316 8874
4869 8366
1154 5782
1374 2313
3208 7703
4474 5262
1776 5783
1173 8647
2630 6889
704 5165
1900 7356
1018 1883
5735 5894
3974 5481
1377 8027
4458 4634
695 5164
2078 6116
6143 7570
3537 8685
1114 1235
360 3131
4928 7913
986 3687
1228 6849
878 1957
6593 7510
8261 8359
166 597
2477 5826
8459 8903
5704 7112
233 6431
2363 5839
24 7106
7224 7783
3232 8475
7454 8377
2624 3873
512 8614
5562 7476
3180 4076
2771 3559
6262 8775
954 4201
2131 8238
2684 5792
1183 4700
1951 2267
4232 7892
3575 4326
1492 2825
4107 5916
1007 6525
2485 4846
3631 4797
1128 5062
6429 8352
3726 8003
5572 7891
6336 7820
1767 4593
8124 8663
1062 5324
668 6659
8125 8895
849 7382
5246 6175
3646 5246
2393 2578
3930 7586
4730 5448
776 3470
578 8097
4390 5381
2287 7649
2881 5214
2634 4167
3785 4919
6117 7695
3006 8778
50 7906
554 5197
2389 8084
3776 7460
5511 5894
5870 6754
4497 6522
2303 4123
3937 4271
1730 5691
1347 3734
945 4040
5295 6193
78 2148
3891 4755
3592 6302
3635 4230
4689 7725
3501 5919
1411 4239
3106 3996
2036 3863
295 1465
2574 5034
2036 8849
279 8899
1037 8670
3705 5471
3893 7941
4006 7853
2762 7889
4390 5223
4267 6338
3605 8495
1592 4438
1231 2618
5696 6396
6203 8365
103 8577
4428 4572
1191 8273
3434 4019
1264 5500
