1032 1106
161 893
23 200
278 482
149 972
561 1032
498 1029
445 500
643 850
297 392
43 195
274 436
156 242
471 993
877 986
90 467
504 999
177 535
149 598
238 650
378 956
325 976
909 951
971 1000
225 978
222 355
286 769
118 572
521 631
224 346
391 889
177 378
615 701
321 458
145 176
63 490
928 991
499 792
722 910
37 277
26 164
27 661
652 866
614 699
95 392
418 829
337 915
185 613
946 1024
64 748
297 306
882 1005
519 699
890 1004
489 641
120 807
315 937
784 874
478 960
46 98
14 963
410 877
146 657
981 1000
353 848
414 432
710 933
260 601
514 587
439 663
36 502
261 620
456 847
61 822
86 893
523 559
970 1008
768 942
272 384
833 1022
304 413
673 680
306 430
257 881
187 570
605 608
401 564
113 171
387 823
319 745
1 982
817 915
696 743
217 1026
398 574
81 862
229 599
872 964
218 762
237 1029
79 1009
319 443
88 280
49 546
674 885
226 253
25 1019
284 371
935 939
230 499
279 787
166 545
849 861
475 976
109 590
777 972
72 425
554 590
741 861
130 756
18 515
175 542
74 852
80 208
335 541
501 958
495 549
243 719
422 1030
119 637
18 470
505 927
401 635
747 933
59 661
558 763
38 335
82 1025
610 704
499 1024
408 528
669 914
597 683
506 700
522 752
283 419
632 890
262 1008
153 627
332 920
354 367
498 896
9 286
305 426
239 318
43 791
191 971
819 987
698 987
614 916
394 937
53 647
130 888
371 680
651 720
75 263
616 955
119 657
415 613
566 594
152 845
654 905
162 443
239 675
300 490
10 939
419 673
74 717
155 888
443 885
46 885
119 725
133 985
76 339
670 912
867 923
322 695
499 694
575 855
457 752
289 1012
782 818
885 962
382 891
134 293
239 911
3 876
308 417
931 951
365 726
899 921
234 820
294 978
123 558
238 541
580 595
147 703
498 516
13 998
86 338
65 278
28 831
707 953
339 488
194 492
572 871
91 644
176 376
5 669
200 980
438 790
149 547
67 864
325 813
515 687
310 526
432 498
574 718
13 567
895 1010
315 862
202 245
96 369
899 915
513 638
113 999
838 900
242 640
267 928
105 164
84 1001
94 742
551 602
290 484
528 917
614 989
157 160
36 224
195 842
794 948
133 569
210 834
746 966
733 979
40 665
687 823
933 959
153 858
253 692
233 731
121 893
96 205
758 820
493 511
121 982
112 734
213 669
618 642
564 960
308 706
170 581
883 976
127 434
533 871
165 305
312 683
408 807
36 840
40 938
759 915
449 812
122 200
533 536
43 130
460 882
136 572
246 793
168 526
697 762
881 904
580 713
814 883
349 774
621 950
377 823
532 816
20 185
49 929
152 993
772 810
730 948
786 1017
193 865
145 968
470 717
16 465
247 431
516 548
27 806
190 330
274 295
185 588
17 736
38 517
104 465
383 727
2 933
152 889
20 116
185 973
233 595
52 972
750 755
354 942
765 857
468 717
149 922
590 617
862 911
418 740
588 1030
506 989
31 1000
527 1014
500 975
292 921
500 951
60 758
764 948
47 892
219 731
257 412
904 944
197 321
327 674
29 778
207 531
411 495
894 963
317 634
279 600
108 729
286 998
45 543
351 472
158 673
173 478
63 103
53 152
358 556
333 394
812 1001
753 871
400 708
744 982
119 653
381 496
231 820
673 891
750 875
241 738
65 1024
357 755
721 735
75 208
244 1028
660 853
429 466
393 784
12 158
334 492
536 830
849 862
204 310
329 880
205 640
457 574
2 939
558 965
416 494
220 270
336 429
581 689
115 333
782 1001
135 534
356 487
3 827
454 477
688 717
61 245
421 580
330 630
571 626
498 911
227 561
36 947
499 877
117 492
228 416
839 943
389 826
596 661
397 1025
730 968
112 379
342 705
164 571
94 631
591 977
61 238
40 832
893 972
899 1017
512 798
317 632
56 1020
75 553
114 747
632 674
443 831
509 747
472 573
102 422
857 1005
128 571
643 813
297 659
837 865
849 880
599 680
420 462
310 835
7 130
352 496
484 606
148 724
374 614
777 826
212 819
161 694
289 855
138 431
424 875
217 252
326 911
91 443
343 753
90 605
712 911
558 679
236 955
581 622
516 552
132 918
58 205
723 754
628 949
400 924
875 885
185 582
574 982
142 143
613 697
220 610
54 63
26 298
49 610
447 550
56 728
683 919
332 715
599 906
170 491
107 353
16 969
11 826
524 838
489 528
419 907
116 778
629 671
531 576
326 549
607 620
673 957
602 924
349 964
188 696
443 1015
22 100
254 655
328 1012
261 297
145 276
2 870
283 339
77 444
151 450
134 322
334 390
496 875
101 456
56 995
129 628
196 528
566 765
48 615
503 570
286 921
508 911
3 727
901 976
139 335
373 1024
190 931
66 436
182 688
263 689
168 890
303 318
688 954
44 968
448 716
451 608
225 515
180 730
461 738
15 925
559 677
267 447
395 949
94 212
707 857
134 505
258 438
796 800
235 473
106 807
507 524
523 858
338 796
427 546
716 862
518 556
717 807
264 868
89 103
318 498
61 176
231 321
613 689
6 70
307 735
368 793
9 442
575 807
711 893
53 806
553 591
867 871
1019 1021
164 360
220 297
318 666
562 921
423 799
37 875
204 798
233 905
440 1018
214 432
339 566
152 432
529 1023
416 997
1 738
672 966
20 524
153 720
206 546
250 946
94 285
73 800
7 249
296 810
214 766
159 289
229 963
4 884
46 127
121 674
366 513
596 977
684 1022
453 572
370 500
619 831
658 1029
38 660
30 615
521 674
148 431
57 69
252 702
280 886
548 781
349 801
47 719
126 520
297 614
528 624
129 560
104 608
662 928
826 961
100 503
174 309
252 432
335 974
407 983
107 349
437 510
450 484
462 898
26 304
263 527
301 584
643 757
285 936
484 674
380 498
153 297
579 966
61 866
96 820
588 965
19 980
338 735
62 210
283 633
262 674
572 815
599 705
655 688
2 743
208 647
256 334
102 131
485 965
785 947
443 871
89 967
378 409
17 823
280 523
773 965
839 922
479 871
8 344
362 404
628 881
20 602
478 531
291 730
441 957
212 969
425 1031
30 174
581 610
323 485
49 112
751 815
20 939
480 664
238 382
868 1003
480 902
314 387
455 528
65 85
717 851
384 1027
144 513
181 877
296 350
1 897
57 758
300 808
583 950
409 531
178 658
856 979
60 743
847 964
185 816
445 943
257 359
528 549
32 308
150 627
757 796
623 629
35 454
593 597
273 981
100 817
91 656
843 999
275 470
896 1016
469 577
176 406
93 634
341 891
325 788
494 659
535 968
338 821
316 544
642 859
611 612
21 164
189 311
53 977
609 989
478 586
167 1025
125 628
269 812
516 685
40 89
888 996
574 797
402 609
330 353
505 686
266 715
292 347
636 805
183 555
694 856
540 966
316 796
537 892
386 786
82 690
215 522
169 931
677 714
216 652
24 210
478 557
599 728
459 808
96 749
26 198
166 329
495 939
91 741
751 898
528 589
620 975
240 651
705 980
216 551
138 680
534 689
767 977
2 796
114 530
82 432
463 934
83 944
254 346
807 918
84 268
649 856
498 914
860 999
104 776
163 942
157 432
120 783
371 892
92 275
40 69
574 829
313 1029
427 492
1 1012
518 955
15 637
452 603
432 955
613 678
399 594
686 819
185 910
332 737
822 869
210 325
616 824
78 744
621 858
423 802
968 1005
680 681
583 712
884 1012
419 878
184 331
51 927
682 1024
680 990
288 425
84 408
504 611
124 811
197 692
253 336
41 902
291 914
137 716
242 432
339 862
179 355
87 665
315 526
116 363
1 693
140 152
292 531
271 497
99 976
227 1017
205 674
33 393
324 1007
70 837
162 646
605 918
305 804
212 807
218 871
59 770
255 256
432 513
297 952
64 824
454 594
933 951
50 964
935 994
451 493
18 587
124 311
805 896
472 964
960 990
113 616
331 799
120 908
981 1003
152 856
65 472
596 841
408 1031
759 932
272 882
728 1011
513 617
209 637
61 674
597 807
651 972
913 952
544 584
45 526
220 279
211 745
628 717
844 1030
33 220
72 750
459 464
60 539
17 856
416 588
447 729
36 578
437 903
199 724
43 385
58 433
152 261
448 926
438 1022
164 628
680 836
158 193
110 837
27 151
55 338
499 663
2 563
129 930
810 982
68 298
20 737
594 984
364 1017
43 875
334 651
329 395
272 407
426 718
304 565
319 452
844 941
637 669
121 371
362 707
291 345
102 988
344 832
28 905
739 824
525 646
157 848
949 978
96 585
242 780
140 221
473 638
286 975
509 963
591 727
274 803
717 771
368 599
185 483
760 1012
705 841
454 761
71 985
325 955
775 895
338 438
25 978
389 578
139 183
201 294
203 511
265 899
163 478
463 928
186 265
529 959
39 242
172 391
403 848
244 499
235 825
595 880
688 1024
162 795
625 945
267 343
642 744
340 729
185 885
427 958
459 705
818 1005
743 940
62 873
396 918
42 752
279 486
366 577
25 500
38 810
470 672
646 663
388 403
302 724
596 846
355 964
435 625
289 474
575 1006
182 809
263 863
133 1013
309 349
310 471
324 881
117 670
271 881
904 988
293 852
282 889
85 405
375 641
601 775
604 735
141 591
61 667
164 864
446 991
543 952
428 729
457 854
281 976
327 348
676 738
173 638
154 999
580 1009
299 642
192 815
95 251
124 599
174 423
296 592
64 111
97 699
238 625
223 610
301 935
2 356
113 480
828 917
170 377
139 681
492 990
297 789
572 578
34 566
23 691
84 639
152 588
116 538
348 887
183 668
311 709
476 838
559 956
476 703
37 142
372 826
320 741
868 990
601 998
59 234
329 623
159 862
580 879
336 422
408 481
248 324
417 743
568 971
872 1018
507 881
66 885
21 723
365 974
444 743
238 779
344 1002
437 875
232 505
515 543
808 995
506 1013
982 1024
330 565
319 992
685 740
294 362
668 707
645 678
462 528
61 732
259 613
175 185
978 1000
513 594
520 752
432 837
40 395
405 423
643 648
183 361
43 287
