595 600
138 382
44 427
178 196
365 504
68 152
179 204
67 211
268 411
425 519
124 200
505 553
316 428
394 558
115 122
337 527
202 315
26 491
389 488
203 224
199 376
326 358
477 555
25 341
349 541
16 358
2 401
234 431
10 392
32 58
264 561
22 420
498 542
145 156
490 550
370 387
500 533
201 298
47 128
40 442
69 184
19 239
139 446
367 583
151 481
256 495
60 459
280 589
377 429
190 449
53 405
320 508
12 335
226 283
416 505
453 502
110 184
114 386
412 593
59 285
93 317
16 277
362 550
66 158
306 580
82 219
324 564
246 476
52 273
149 511
128 249
543 578
257 378
436 524
221 243
240 587
192 231
485 556
405 573
438 592
377 396
248 591
521 555
366 368
30 102
33 572
169 438
258 265
447 451
217 506
209 352
18 173
507 546
479 570
26 319
198 491
121 249
205 437
89 325
195 562
51 130
410 547
77 380
11 565
216 551
31 554
266 440
182 473
14 222
359 520
122 548
93 207
354 390
29 559
70 350
33 50
191 485
369 582
202 508
37 198
150 418
88 331
447 558
357 486
81 432
44 307
63 134
439 584
166 246
96 275
78 215
194 365
91 285
123 188
11 404
154 415
163 169
510 564
76 483
276 460
46 297
13 420
53 274
413 533
544 575
311 475
153 170
263 589
63 571
383 465
209 244
337 578
47 385
342 459
537 549
268 284
155 384
304 488
305 400
72 103
229 525
393 429
245 267
530 531
185 582
152 177
136 299
118 223
162 276
10 165
339 519
111 497
464 472
394 445
360 478
312 354
417 574
298 509
414 513
20 318
3 338
58 71
28 569
88 315
7 474
90 548
133 467
103 272
4 260
155 314
255 282
87 218
29 487
441 467
244 281
61 448
251 462
131 541
12 296
210 328
188 585
24 523
345 503
504 529
68 181
187 193
440 455
211 547
140 493
369 385
398 434
565 581
98 464
39 40
95 135
85 217
121 253
131 413
41 179
316 497
212 407
94 183
37 107
197 568
27 165
164 280
221 353
314 406
252 336
286 336
137 423
1 457
248 389
391 518
342 456
141 159
154 339
310 415
269 388
65 113
489 513
218 346
290 513
143 362
67 430
62 346
241 560
196 328
329 526
278 513
101 557
2 449
333 391
519 545
193 554
343 388
146 167
329 502
86 379
228 528
404 408
260 347
296 399
283 290
228 514
230 305
373 593
17 418
1 19
100 139
171 358
51 514
77 355
255 370
64 356
49 308
112 124
34 242
180 271
75 258
356 535
200 259
289 458
148 232
150 536
99 396
6 54
349 572
5 588
6 326
129 185
30 469
195 233
494 556
319 501
23 272
83 136
127 141
498 546
251 567
426 430
61 538
151 364
311 515
21 109
144 238
291 484
451 590
42 381
34 573
406 512
118 515
247 424
192 434
353 371
411 562
401 479
102 163
39 500
85 490
306 307
116 566
41 393
324 503
345 421
89 374
489 540
108 142
125 287
52 332
250 422
81 348
303 577
291 481
247 257
210 395
87 535
398 570
31 197
9 450
45 563
3 84
466 471
60 208
27 585
286 537
359 525
64 148
330 400
323 484
357 534
157 263
432 460
57 172
189 235
277 456
372 544
215 275
80 395
261 331
164 580
123 133
157 213
138 408
219 437
225 519
134 522
262 384
55 161
174 269
149 576
309 583
55 517
281 480
390 543
452 480
23 181
56 320
79 105
351 462
220 493
54 567
114 161
8 468
49 70
69 234
36 579
335 516
117 443
175 560
24 372
253 301
42 534
144 237
303 566
162 243
189 473
360 443
245 521
92 318
186 350
279 559
308 344
76 321
216 425
66 229
126 355
182 333
458 528
295 545
241 242
201 399
94 509
446 587
59 96
284 379
376 486
575 577
50 352
224 230
79 496
461 520
450 523
20 239
57 295
175 382
97 475
75 302
86 171
35 322
457 563
254 403
34 330
95 293
338 433
334 431
15 279
323 569
132 177
5 289
106 510
21 71
274 532
91 238
397 412
227 552
112 227
407 427
205 334
38 435
235 347
104 368
113 594
119 374
4 381
191 529
135 417
469 579
107 428
153 267
270 297
99 170
106 501
208 511
392 463
48 470
206 582
147 474
549 552
186 300
22 472
214 409
115 236
426 539
252 444
386 561
214 442
194 292
146 452
322 461
109 348
282 470
499 507
363 441
111 203
18 143
78 439
130 166
116 145
304 414
582 595
309 416
34 424
522 527
73 341
261 294
444 499
325 327
271 293
43 466
581 594
302 373
173 361
553 557
158 383
340 453
266 419
465 517
327 419
265 468
288 536
207 270
117 477
454 586
32 539
402 592
168 482
17 45
423 433
127 287
80 540
232 588
455 576
92 402
301 313
82 299
84 364
403 454
98 176
8 223
183 378
142 313
9 492
160 178
38 375
104 476
233 494
167 367
204 292
13 46
74 220
105 137
90 397
110 463
262 445
25 160
125 542
35 409
288 340
226 240
72 344
108 487
273 551
237 496
7 492
190 278
199 206
36 236
574 590
180 595
28 387
310 435
126 332
101 591
317 516
172 483
73 526
48 231
294 518
448 495
100 410
225 538
187 361
56 83
312 584
343 380
300 321
15 532
156 531
375 571
264 586
256 568
213 254
222 358
43 120
421 506
140 482
14 530
363 524
74 129
250 436
119 351
176 371
366 471
62 159
65 147
97 259
422 478
132 174
168 512
120 212
